2
2
2
2
2
3
3
4
5
6
7
8
9
10
10
10
11
12
13
15
15
15
18
20
20
20
22
22
27
27
30
30
31
33
34
34
35
36
37
37
38
41
42
42
43
45
46
46
46
51
51
52
55
58
58
59
59
61
61
61
63
64
69
70
72
72
73
73
75
75
76
76
77
77
77
79
80
82
88
88
90
91
91
92
92
92
93
93
94
95
95
95
96
97
98
98
98
99
101
101
102
103
104
104
105
106
108
110
110
112
114
114
114
115
118
122
122
124
125
126
127
127
127
128
128
128
129
130
130
131
133
133
137
137
137
137
139
139
141
141
141
143
143
145
145
146
147
148
149
152
155
155
156
157
157
158
159
163
164
165
168
169
172
173
173
175
175
175
176
176
176
179
180
182
182
183
184
184
185
185
188
188
191
192
195
196
196
197
197
198
199
200
200
200
201
202
202
202
202
203
203
204
206
207
207
210
212
212
215
216
217
217
218
218
219
220
220
221
222
222
223
224
225
225
226
228
228
229
231
234
234
235
235
235
236
238
238
240
243
243
243
245
247
247
249
249
249
250
250
251
252
253
254
257
258
259
259
259
259
260
260
261
263
263
263
264
264
265
268
270
270
271
272
273
274
276
277
277
278
279
279
280
281
281
282
283
283
286
287
288
289
289
290
290
291
293
293
294
296
297
298
298
299
299
300
300
300
300
301
303
305
308
309
310
311
312
314
316
317
318
318
319
319
322
323
325
326
328
331
331
332
334
336
337
338
340
340
343
346
346
346
347
349
352
352
353
354
354
355
355
356
356
357
358
358
358
358
360
360
362
365
366
368
369
370
370
372
374
374
375
375
375
376
377
378
381
383
384
385
387
387
388
388
388
390
393
393
394
395
395
395
397
398
399
399
399
400
400
401
401
402
403
405
405
405
405
405
406
406
407
414
415
416
416
416
418
418
418
420
423
423
423
426
428
429
430
432
432
433
433
434
435
435
438
441
442
442
444
444
445
445
445
446
447
447
448
451
451
451
453
454
455
456
457
458
458
459
460
460
460
460
462
464
465
467
467
469
469
470
472
472
473
473
475
477
479
481
482
485
485
486
487
488
488
489
491
496
497
502
507
507
507
508
509
509
510
512
513
514
515
516
516
517
518
518
519
519
520
523
524
524
527
528
529
530
530
530
532
533
533
534
534
535
536
536
537
537
539
541
541
544
546
547
548
549
550
551
552
553
554
554
555
557
559
559
559
560
562
562
563
564
566
567
567
568
570
570
571
571
571
572
572
572
574
574
576
578
579
579
579
580
580
581
581
582
582
583
584
584
586
587
587
588
591
591
592
594
594
596
596
598
598
598
599
599
601
603
603
603
603
604
605
605
606
609
611
612
612
614
614
615
615
615
616
617
618
618
621
621
621
623
623
624
625
627
627
628
628
629
630
631
632
632
635
635
636
637
637
638
638
638
640
640
641
642
643
643
649
649
650
650
650
650
650
651
651
652
652
653
655
655
656
658
659
663
663
665
668
670
671
671
671
671
672
672
672
672
672
673
673
675
676
677
678
678
679
679
680
682
683
684
684
687
687
689
691
691
691
692
693
694
694
696
697
699
704
704
704
704
704
705
705
706
707
709
709
711
711
713
713
715
718
718
718
718
720
721
722
722
722
723
725
725
727
729
730
731
731
732
732
733
734
734
735
735
737
738
738
738
739
741
742
744
744
747
749
750
751
751
754
755
755
756
757
757
757
761
762
763
766
767
768
768
769
771
771
771
772
772
773
775
777
778
780
781
784
787
788
789
790
790
791
791
793
794
794
796
796
796
796
797
800
802
803
805
808
810
810
811
811
811
813
813
814
816
816
818
818
819
819
820
820
820
821
822
823
823
826
826
827
829
829
830
830
831
831
832
835
836
837
837
838
839
840
841
841
841
842
842
843
846
846
846
847
850
851
851
855
855
856
856
858
858
860
862
862
864
864
865
866
866
867
868
868
870
871
872
875
876
877
877
879
880
881
881
883
884
884
884
885
886
887
889
890
890
890
891
891
891
892
894
895
897
897
898
898
898
899
903
905
905
905
905
907
910
911
911
914
915
916
916
916
917
919
919
921
921
921
922
924
924
928
929
929
931
932
936
936
937
939
939
940
945
945
948
948
949
949
950
950
953
953
953
953
954
955
956
960
961
961
962
963
963
964
965
967
968
968
968
968
971
972
972
974
975
976
977
978
979
981
982
984
986
986
988
988
989
991
991
991
992
993
994
994
996
997
999
1001
1002
1003
1005
1006
1006
1009
1009
1011
1012
1012
1012
1013
1014
1015
1015
1016
1018
1019
1020
1023
1024
1025
1026
1027
1028
1028
1030
1031
1031
1032
1033
1034
1035
1035
1038
1038
1039
1040
1042
1043
1044
1045
1046
1047
1049
1049
1049
1050
1052
1052
1054
1056
1060
1061
1065
1066
1066
1068
1069
1069
1070
1070
1070
1071
1072
1074
1074
1075
1076
1076
1077
1077
1077
1078
1079
1080
1083
1084
1086
1086
1088
1090
1091
1091
1091
1091
1091
1091
1092
1094
1096
1096
1097
1099
1101
1103
1103
1103
1105
1105
1108
1109
1112
1114
1115
1115
1116
1117
1118
1119
1120
1120
1122
1124
1124
1124
1124
1127
1128
1130
1130
1132
1132
1134
1134
1134
1134
1136
1138
1138
1139
1139
1139
1139
1140
1141
1141
1141
1141
1141
1143
1146
1147
1148
1148
1148
1148
1149
1150
1151
1151
1153
1153
1154
1155
1156
1156
1157
1158
1159
1161
1161
1162
1162
1162
1164
1164
1165
1165
1167
1168
1170
1172
1173
1174
1175
1175
1176
1178
1179
1180
1181
1183
1184
1185
1187
1188
1188
1190
1190
1191
1192
1195
1195
1198
1200
1202
1202
1204
1204
1206
1207
1207
1209
1209
1211
1212
1213
1215
1216
1216
1217
1218
1220
1220
1223
1225
1228
1231
1232
1233
1235
1235
1236
1236
1237
1238
1239
1241
1242
1242
1245
1246
1248
1249
1249
1251
1251
1251
1251
1252
1253
1254
1254
1254
1255
1256
1260
1263
1263
1263
1264
1266
1267
1267
1267
1271
1271
1271
1272
1272
1274
1275
1275
1276
1276
1278
1278
1279
1279
1280
1282
1282
1283
1283
1286
1286
1289
1289
1290
1290
1291
1292
1294
1297
1297
1299
1301
1302
1302
1304
1306
1306
1308
1308
1308
1313
1314
1314
1316
1317
1317
1321
1323
1323
1324
1324
1325
1325
1329
1331
1331
1331
1334
1334
1338
1339
1339
1340
1341
1341
1342
1342
1347
1347
1347
1347
1352
1352
1353
1353
1353
1354
1354
1355
1355
1358
1360
1362
1363
1365
1365
1366
1367
1370
1371
1372
1373
1373
1374
1376
1376
1379
1379
1379
1379
1379
1380
1381
1381
1382
1382
1382
1383
1384
1385
1385
1389
1389
1390
1390
1394
1395
1395
1395
1396
1397
1401
1401
1403
1404
1405
1406
1407
1409
1409
1410
1410
1411
1413
1413
1414
1414
1414
1415
1415
1416
1417
1417
1419
1420
1422
1423
1423
1425
1428
1429
1431
1431
1432
1432
1433
1433
1434
1436
1436
1437
1439
1442
1444
1444
1448
1448
1449
1449
1450
1454
1454
1460
1462
1463
1464
1465
1465
1466
1466
1467
1468
1468
1469
1472
1473
1474
1475
1475
1476
1478
1478
1480
1480
1480
1480
1481
1481
1482
1483
1483
1484
1485
1486
1486
1487
1487
1488
1489
1489
1489
1490
1492
1492
1497
1498
1498
1498
1499
1499
1501
1502
1503
1504
1505
1506
1507
1508
1508
1508
1509
1511
1514
1516
1516
1519
1519
1520
1520
1521
1521
1522
1522
1524
1525
1527
1528
1529
1529
1533
1533
1534
1537
1537
1539
1539
1540
1543
1546
1547
1548
1549
1550
1551
1551
1556
1557
1558
1560
1561
1563
1563
1565
1567
1567
1571
1571
1572
1572
1573
1577
1577
1578
1579
1579
1581
1581
1582
1582
1584
1585
1585
1586
1586
1588
1588
1589
1592
1593
1596
1598
1600
1601
1602
1602
1602
1605
1606
1606
1608
1608
1609
1610
1610
1610
1613
1616
1617
1617
1617
1618
1618
1618
1619
1619
1620
1620
1622
1622
1623
1626
1626
1626
1627
1629
1630
1631
1631
1633
1633
1633
1634
1635
1638
1645
1645
1646
1647
1648
1649
1651
1652
1654
1654
1654
1654
1655
1656
1657
1657
1657
1659
1660
1660
1660
1660
1661
1662
1663
1666
1666
1667
1668
1669
1669
1670
1671
1671
1672
1673
1675
1675
1676
1679
1683
1686
1687
1688
1688
1688
1688
1689
1689
1690
1690
1691
1691
1691
1691
1692
1694
1697
1700
1700
1700
1701
1701
1702
1703
1704
1705
1705
1706
1707
1710
1711
1712
1713
1713
1714
1717
1719
1719
1720
1723
1732
1733
1734
1734
1735
1735
1736
1736
1739
1740
1741
1742
1743
1743
1745
1745
1746
1750
1750
1751
1751
1751
1753
1754
1757
1757
1757
1758
1759
1759
1759
1759
1759
1760
1761
1762
1766
1767
1768
1769
1770
1772
1775
1775
1775
1777
1777
1778
1779
1780
1780
1781
1782
1782
1782
1782
1783
1784
1790
1791
1791
1794
1795
1795
1795
1796
1797
1797
1797
1797
1798
1798
1798
1798
1799
1800
1801
1801
1802
1802
1804
1806
1808
1808
1809
1810
1810
1810
1810
1811
1811
1812
1812
1813
1814
1814
1815
1816
1820
1821
1822
1822
1822
1823
1823
1824
1824
1826
1827
1827
1828
1829
1829
1833
1834
1835
1838
1841
1842
1842
1843
1843
1843
1843
1845
1848
1848
1849
1849
1850
1850
1850
1852
1853
1855
1856
1857
1861
1861
1861
1862
1862
1863
1863
1865
1866
1866
1866
1869
1870
1870
1872
1873
1874
1875
1876
1878
1878
1878
1878
1879
1880
1881
1882
1884
1886
1887
1887
1887
1888
1888
1889
1889
1890
1891
1891
1892
1892
1894
1894
1895
1896
1897
1898
1900
1902
1902
1903
1904
1904
1904
1904
1906
1906
1906
1906
1910
1913
1914
1915
1915
1918
1921
1922
1922
1922
1925
1926
1932
1933
1935
1936
1936
1937
1937
1938
1939
1939
1939
1940
1941
1942
1943
1943
1944
1944
1944
1945
1948
1948
1948
1949
1949
1950
1953
1953
1955
1955
1956
1956
1956
1959
1960
1961
1962
1963
1963
1964
1966
1966
1967
1968
1968
1969
1970
1970
1973
1974
1975
1975
1976
1978
1979
1982
1982
1983
1983
1984
1985
1987
1989
1990
1991
1991
1991
1994
1995
1996
1998
2000
2000
2002
2004
2005
2007
2007
2007
2011
2013
2013
2014
2015
2015
2016
2016
2017
2021
2022
2022
2025
2027
2027
2027
2029
2030
2032
2034
2035
2035
2035
2038
2041
2042
2043
2046
2046
2048
2048
2049
2050
2052
2053
2053
2054
2055
2056
2057
2058
2058
2059
2059
2060
2063
2064
2065
2066
2071
2072
2077
2083
2083
2084
2084
2085
2089
2089
2092
2093
2093
2094
2094
2096
2097
2097
2097
2098
2100
2100
2103
2104
2105
2107
2109
2109
2110
2110
2113
2114
2115
2116
2117
2117
2118
2119
2120
2122
2122
2123
2124
2124
2124
2127
2127
2128
2130
2132
2136
2138
2139
2140
2140
2141
2142
2142
2145
2148
2150
2150
2151
2151
2153
2155
2156
2157
2159
2159
2159
2160
2160
2161
2161
2162
2164
2164
2164
2167
2168
2169
2169
2170
2171
2172
2173
2175
2176
2177
2177
2179
2183
2188
2188
2188
2188
2189
2190
2190
2191
2192
2193
2197
2199
2199
2200
2205
2207
2208
2208
2212
2213
2213
2216
2217
2217
2219
2219
2219
2219
2221
2222
2222
2223
2226
2227
2227
2230
2230
2232
2232
2236
2237
2238
2240
2241
2244
2244
2245
2246
2248
2251
2251
2252
2253
2254
2256
2257
2257
2259
2259
2261
2262
2263
2263
2264
2268
2270
2272
2273
2273
2274
2274
2276
2277
2277
2278
2278
2279
2280
2281
2284
2285
2286
2286
2286
2288
2289
2290
2292
2294
2294
2294
2295
2296
2299
2300
2301
2302
2303
2306
2308
2310
2310
2311
2311
2311
2312
2312
2314
2315
2316
2316
2319
2320
2321
2321
2321
2322
2323
2323
2325
2326
2326
2326
2326
2327
2329
2329
2330
2331
2332
2332
2332
2333
2333
2333
2334
2337
2339
2339
2339
2343
2345
2345
2345
2346
2347
2348
2349
2350
2350
2351
2355
2355
2356
2358
2359
2359
2360
2360
2360
2360
2360
2361
2361
2362
2363
2365
2366
2367
2368
2369
2369
2370
2372
2373
2374
2375
2377
2378
2379
2382
2383
2385
2385
2389
2390
2390
2391
2393
2395
2396
2398
2398
2398
2399
2402
2404
2406
2406
2407
2407
2407
2409
2412
2413
2414
2415
2417
2417
2421
2421
2422
2422
2425
2425
2426
2427
2428
2428
2429
2430
2431
2431
2431
2431
2433
2434
2435
2435
2436
2436
2436
2438
2439
2439
2439
2439
2440
2440
2444
2445
2445
2446
2447
2447
2450
2450
2452
2454
2456
2457
2458
2458
2459
2459
2461
2465
2465
2465
2466
2466
2466
2470
2470
2471
2471
2471
2472
2472
2473
2474
2475
2475
2476
2481
2481
2482
2483
2483
2483
2484
2484
2487
2488
2489
2489
2490
2491
2492
2492
2494
2495
2497
2498
2499
2500
2501
2502
2502
2502
2502
2503
2505
2506
2507
2509
2509
2509
2510
2511
2511
2512
2512
2513
2514
2514
2515
2515
2515
2515
2517
2517
2519
2519
2519
2520
2520
2520
2523
2523
2524
2526
2526
2526
2526
2527
2527
2527
2528
2528
2529
2529
2529
2535
2537
2538
2539
2540
2540
2540
2541
2542
2544
2547
2548
2552
2554
2556
2556
2557
2557
2557
2557
2559
2559
2561
2563
2563
2565
2565
2566
2566
2568
2568
2569
2570
2571
2573
2574
2575
2575
2576
2577
2578
2579
2579
2579
2580
2580
2580
2581
2581
2583
2585
2587
2587
2588
2588
2588
2589
2590
2591
2593
2594
2596
2596
2597
2598
2599
2604
2604
2605
2606
2606
2608
2611
2613
2614
2614
2614
2615
2616
2617
2618
2619
2620
2620
2620
2621
2621
2625
2625
2630
2630
2631
2634
2636
2637
2637
2638
2639
2640
2641
2642
2642
2643
2647
2647
2648
2648
2649
2651
2653
2654
2654
2654
2654
2654
2655
2656
2658
2662
2665
2666
2666
2667
2668
2668
2669
2670
2671
2671
2671
2671
2672
2674
2676
2677
2678
2681
2683
2684
2686
2692
2692
2694
2696
2696
2697
2698
2699
2699
2699
2701
2702
2702
2702
2703
2705
2706
2706
2708
2708
2709
2710
2710
2710
2711
2712
2712
2713
2713
2715
2715
2719
2722
2722
2723
2727
2727
2728
2729
2730
2732
2733
2735
2736
2740
2741
2743
2743
2744
2744
2745
2746
2746
2746
2746
2747
2748
2749
2749
2750
2751
2752
2754
2756
2757
2761
2762
2762
2767
2767
2768
2769
2770
2776
2777
2779
2779
2784
2784
2785
2786
2787
2788
2790
2794
2794
2795
2797
2798
2798
2799
2799
2802
2804
2805
2806
2806
2807
2807
2808
2808
2809
2811
2811
2812
2813
2813
2814
2815
2816
2819
2819
2819
2819
2819
2820
2820
2822
2823
2829
2830
2831
2832
2832
2834
2835
2837
2837
2838
2838
2841
2841
2842
2842
2844
2844
2845
2848
2849
2849
2850
2851
2852
2853
2853
2855
2857
2857
2857
2859
2860
2861
2862
2866
2867
2868
2868
2868
2872
2873
2874
2875
2875
2877
2878
2880
2880
2881
2882
2882
2887
2888
2889
2889
2889
2890
2891
2891
2892
2893
2894
2894
2894
2895
2895
2895
2895
2897
2898
2898
2899
2899
2900
2901
2903
2903
2903
2904
2906
2907
2909
2909
2910
2910
2910
2910
2912
2913
2913
2914
2916
2918
2918
2918
2918
2921
2925
2927
2928
2929
2930
2932
2933
2934
2934
2935
2935
2936
2937
2938
2939
2943
2943
2945
2946
2948
2950
2950
2951
2951
2954
2954
2955
2955
2958
2958
2961
2961
2961
2962
2962
2965
2966
2968
2968
2971
2972
2973
2973
2976
2976
2977
2978
2980
2983
2984
2984
2984
2985
2986
2988
2991
2993
2993
2993
2994
2994
2994
2994
2995
2996
2996
2999
3001
3002
3002
3004
3004
3004
3005
3005
3006
3008
3009
3009
3009
3010
3010
3010
3011
3012
3014
3014
3015
3015
3016
3016
3019
3019
3019
3022
3022
3023
3023
3024
3024
3024
3024
3026
3027
3027
3027
3027
3028
3030
3030
3033
3033
3033
3036
3038
3039
3039
3041
3041
3041
3041
3042
3042
3042
3044
3045
3046
3053
3054
3054
3054
3054
3055
3057
3057
3060
3060
3061
3061
3063
3064
3064
3066
3066
3067
3067
3067
3068
3069
3070
3071
3072
3074
3074
3077
3077
3077
3078
3079
3079
3079
3080
3081
3081
3081
3086
3087
3088
3089
3089
3092
3092
3094
3094
3095
3095
3095
3097
3098
3100
3102
3102
3102
3105
3105
3106
3107
3108
3108
3109
3111
3111
3112
3113
3116
3117
3117
3122
3123
3123
3126
3126
3129
3129
3131
3132
3134
3134
3135
3138
3140
3141
3141
3141
3142
3143
3144
3145
3146
3146
3150
3151
3152
3152
3152
3154
3155
3156
3157
3157
3158
3160
3163
3165
3165
3171
3171
3171
3171
3172
3172
3173
3174
3176
3178
3178
3179
3181
3182
3182
3183
3186
3187
3188
3188
3189
3190
3191
3191
3192
3193
3194
3195
3196
3199
3201
3201
3203
3203
3204
3205
3206
3208
3208
3209
3211
3214
3216
3216
3217
3217
3217
3218
3219
3219
3221
3221
3222
3223
3226
3226
3226
3233
3234
3234
3234
3235
3237
3237
3238
3238
3238
3240
3240
3240
3244
3247
3248
3248
3249
3251
3252
3253
3253
3255
3255
3255
3256
3256
3257
3257
3260
3260
3261
3261
3262
3264
3264
3266
3266
3266
3266
3267
3267
3267
3267
3268
3269
3269
3269
3273
3274
3274
3275
3275
3277
3280
3281
3282
3282
3282
3284
3286
3286
3286
3287
3288
3288
3290
3291
3292
3293
3293
3293
3294
3295
3295
3297
3300
3300
3301
3303
3304
3307
3309
3309
3310
3310
3310
3310
3312
3312
3314
3314
3315
3316
3316
3316
3316
3317
3317
3318
3318
3319
3319
3320
3320
3321
3323
3323
3323
3323
3324
3324
3325
3326
3327
3331
3332
3332
3332
3334
3334
3337
3338
3338
3342
3343
3345
3345
3348
3349
3349
3349
3351
3352
3352
3352
3355
3355
3356
3356
3358
3359
3360
3362
3363
3364
3366
3368
3370
3371
3371
3371
3373
3375
3377
3378
3378
3380
3381
3381
3382
3383
3384
3386
3387
3387
3387
3388
3388
3390
3392
3392
3393
3393
3393
3393
3396
3396
3397
3397
3398
3399
3400
3400
3402
3403
3403
3404
3404
3404
3404
3406
3406
3406
3407
3411
3411
3412
3412
3415
3415
3420
3422
3423
3424
3426
3433
3434
3434
3434
3435
3437
3441
3442
3444
3444
3445
3448
3451
3451
3451
3453
3453
3454
3456
3457
3458
3459
3459
3460
3463
3463
3465
3466
3468
3469
3469
3470
3470
3470
3471
3471
3472
3474
3477
3478
3478
3479
3479
3479
3479
3480
3481
3481
3482
3482
3482
3482
3482
3483
3486
3488
3492
3492
3493
3493
3494
3495
3496
3497
3497
3498
3499
3499
3501
3501
3502
3502
3503
3505
3505
3508
3508
3509
3510
3511
3512
3515
3517
3517
3518
3518
3519
3521
3523
3525
3525
3526
3529
3529
3532
3534
3534
3534
3535
3536
3536
3537
3539
3539
3539
3541
3541
3542
3542
3543
3543
3545
3545
3546
3546
3546
3549
3549
3549
3549
3550
3551
3552
3553
3553
3553
3554
3554
3554
3555
3556
3556
3558
3561
3562
3562
3563
3565
3567
3568
3568
3569
3571
3571
3572
3574
3574
3574
3575
3575
3575
3577
3577
3578
3578
3579
3581
3585
3586
3586
3587
3587
3591
3591
3591
3594
3595
3596
3597
3597
3597
3599
3600
3601
3601
3602
3602
3602
3603
3603
3610
3610
3610
3615
3615
3616
3616
3616
3617
3617
3617
3618
3619
3619
3620
3620
3620
3621
3623
3623
3624
3625
3627
3627
3628
3628
3628
3630
3631
3633
3633
3633
3633
3634
3636
3637
3638
3638
3639
3639
3640
3642
3642
3642
3642
3642
3642
3643
3643
3644
3645
3646
3646
3646
3647
3648
3649
3649
3650
3651
3651
3652
3652
3653
3653
3655
3657
3657
3662
3663
3665
3665
3666
3667
3667
3668
3669
3670
3672
3672
3673
3674
3674
3675
3676
3677
3680
3680
3683
3683
3684
3684
3686
3686
3687
3688
3689
3689
3689
3692
3692
3693
3695
3695
3696
3699
3699
3700
3701
3701
3701
3701
3703
3703
3703
3704
3706
3706
3707
3707
3708
3708
3709
3709
3711
3714
3715
3715
3715
3717
3718
3719
3719
3720
3724
3724
3724
3725
3726
3726
3726
3727
3727
3729
3729
3730
3731
3731
3733
3737
3741
3742
3744
3746
3748
3758
3758
3761
3761
3761
3761
3762
3762
3764
3765
3765
3765
3765
3766
3769
3770
3770
3770
3772
3773
3773
3773
3774
3774
3774
3776
3778
3778
3779
3781
3781
3781
3784
3784
3785
3785
3791
3791
3791
3792
3793
3795
3796
3797
3799
3800
3800
3803
3803
3804
3806
3806
3808
3811
3812
3812
3813
3816
3818
3819
3819
3822
3823
3824
3825
3825
3826
3827
3827
3830
3830
3832
3833
3833
3833
3833
3835
3835
3835
3835
3837
3839
3841
3842
3843
3844
3844
3845
3846
3847
3848
3850
3851
3852
3852
3853
3853
3854
3855
3857
3858
3859
3861
3861
3861
3865
3865
3865
3867
3871
3872
3874
3875
3876
3876
3877
3878
3880
3880
3882
3882
3882
3882
3883
3883
3886
3888
3889
3890
3890
3891
3894
3895
3896
3896
3897
3898
3899
3901
3902
3903
3903
3903
3904
3905
3906
3906
3906
3907
3908
3912
3912
3912
3916
3918
3918
3919
3923
3923
3924
3924
3925
3925
3925
3927
3927
3930
3930
3930
3931
3932
3932
3933
3933
3933
3935
3935
3935
3936
3937
3938
3940
3940
3941
3941
3942
3943
3944
3945
3947
3951
3952
3953
3955
3956
3957
3959
3959
3962
3962
3963
3963
3964
3965
3966
3967
3967
3970
3971
3974
3975
3975
3975
3976
3976
3977
3978
3978
3978
3978
3980
3981
3982
3982
3986
3988
3989
3989
3990
3991
3991
3991
3994
3995
3996
3996
3996
3997
3999
3999
4004
4004
4005
4007
4007
4007
4007
4008
4009
4009
4010
4010
4010
4012
4012
4014
4015
4016
4016
4019
4019
4022
4022
4022
4024
4025
4026
4027
4028
4028
4028
4030
4030
4031
4032
4032
4035
4039
4041
4043
4044
4044
4044
4044
4045
4046
4047
4048
4052
4053
4054
4054
4055
4060
4060
4060
4061
4061
4061
4062
4062
4063
4065
4065
4066
4067
4067
4068
4070
4070
4071
4071
4071
4072
4073
4074
4074
4075
4075
4075
4076
4077
4079
4080
4081
4082
4083
4083
4083
4083
4084
4084
4084
4085
4086
4086
4087
4087
4087
4088
4089
4090
4092
4092
4092
4093
4094
4094
4096
4097
4098
4099
4099
4099
4100
4101
4102
4102
4102
4103
4104
4104
4104
4104
4105
4105
4106
4106
4107
4108
4110
4110
4111
4112
4113
4113
4114
4116
4116
4117
4118
4118
4118
4118
4120
4120
4122
4123
4124
4124
4124
4126
4127
4131
4132
4133
4136
4137
4137
4140
4143
4144
4145
4146
4147
4147
4147
4151
4153
4154
4155
4155
4156
4158
4162
4163
4166
4166
4166
4167
4169
4169
4169
4170
4170
4172
4173
4173
4174
4176
4179
4179
4179
4181
4181
4185
4185
4186
4186
4187
4189
4189
4191
4191
4192
4193
4194
4194
4196
4196
4197
4197
4197
4202
4202
4203
4205
4207
4207
4209
4212
4213
4215
4216
4216
4216
4219
4219
4219
4220
4221
4221
4222
4222
4222
4223
4226
4227
4229
4229
4230
4232
4232
4233
4234
4235
4235
4236
4237
4237
4238
4238
4239
4240
4241
4242
4246
4246
4247
4247
4250
4253
4254
4255
4255
4257
4258
4258
4259
4259
4260
4263
4263
4264
4265
4265
4267
4268
4269
4270
4271
4272
4273
4273
4274
4274
4275
4275
4276
4277
4278
4281
4281
4284
4284
4284
4284
4286
4287
4287
4289
4289
4290
4294
4294
4296
4297
4298
4299
4299
4300
4301
4302
4304
4307
4308
4309
4309
4310
4310
4312
4313
4313
4315
4316
4319
4322
4322
4322
4323
4324
4324
4324
4325
4325
4326
4326
4329
4330
4331
4336
4336
4336
4338
4340
4340
4341
4344
4346
4346
4346
4349
4353
4354
4355
4358
4358
4359
4364
4366
4366
4366
4366
4367
4367
4367
4369
4370
4371
4373
4377
4378
4378
4379
4379
4381
4382
4382
4384
4386
4391
4392
4392
4393
4394
4395
4397
4402
4402
4402
4403
4403
4404
4404
4404
4404
4404
4405
4405
4406
4407
4409
4409
4410
4412
4412
4412
4413
4413
4413
4416
4416
4417
4417
4418
4420
4420
4423
4424
4424
4429
4429
4431
4431
4432
4432
4434
4434
4435
4436
4438
4440
4440
4440
4441
4442
4442
4442
4443
4445
4447
4448
4449
4449
4450
4451
4451
4451
4452
4453
4458
4460
4460
4460
4461
4462
4463
4463
4463
4464
4464
4465
4467
4467
4469
4470
4470
4472
4472
4475
4476
4476
4477
4477
4478
4478
4479
4480
4480
4481
4482
4483
4485
4485
4487
4488
4488
4488
4490
4491
4492
4493
4493
4495
4496
4497
4498
4499
4500
4501
4503
4504
4506
4506
4507
4507
4508
4509
4511
4512
4515
4516
4516
4516
4517
4517
4520
4521
4524
4525
4525
4526
4526
4526
4528
4529
4530
4532
4532
4532
4532
4532
4532
4533
4535
4535
4535
4536
4537
4538
4538
4538
4540
4540
4541
4542
4543
4543
4544
4544
4546
4546
4549
4552
4552
4552
4553
4554
4554
4554
4555
4557
4557
4559
4560
4560
4560
4561
4562
4562
4563
4564
4564
4564
4564
4564
4566
4567
4568
4568
4569
4569
4572
4572
4574
4574
4575
4575
4578
4578
4578
4580
4580
4580
4581
4581
4582
4583
4583
4587
4587
4591
4593
4595
4596
4598
4600
4602
4602
4603
4604
4604
4605
4610
4611
4611
4611
4613
4613
4613
4614
4615
4615
4617
4617
4617
4621
4621
4623
4623
4623
4624
4626
4626
4627
4627
4629
4631
4632
4633
4633
4633
4633
4635
4635
4637
4639
4640
4640
4641
4642
4644
4646
4646
4650
4650
4650
4650
4651
4652
4654
4656
4659
4660
4660
4660
4663
4664
4665
4665
4668
4669
4669
4669
4670
4670
4671
4671
4671
4673
4674
4676
4677
4678
4680
4680
4681
4681
4681
4683
4683
4685
4686
4686
4686
4687
4688
4690
4690
4693
4695
4695
4695
4696
4696
4697
4700
4700
4700
4700
4701
4701
4703
4705
4705
4706
4708
4710
4711
4712
4715
4715
4716
4716
4717
4719
4721
4722
4723
4731
4731
4731
4732
4732
4733
4734
4735
4736
4736
4738
4739
4740
4740
4741
4742
4742
4742
4743
4743
4745
4746
4747
4747
4749
4749
4750
4750
4752
4753
4754
4754
4754
4755
4756
4757
4757
4758
4760
4761
4761
4762
4762
4763
4763
4763
4764
4765
4766
4766
4768
4770
4770
4771
4773
4775
4776
4776
4776
4776
4777
4777
4778
4778
4780
4782
4785
4786
4786
4788
4789
4790
4791
4791
4793
4793
4794
4794
4797
4800
4801
4801
4802
4803
4803
4806
4807
4808
4808
4810
4811
4812
4813
4813
4815
4815
4816
4816
4817
4817
4818
4821
4822
4825
4827
4827
4828
4828
4828
4828
4832
4833
4834
4835
4835
4836
4837
4837
4837
4838
4839
4840
4842
4843
4843
4843
4844
4844
4844
4845
4846
4848
4851
4851
4852
4854
4854
4855
4855
4855
4857
4857
4858
4859
4859
4860
4860
4862
4865
4866
4867
4868
4868
4869
4871
4871
4871
4871
4872
4874
4874
4875
4877
4878
4879
4880
4881
4882
4883
4883
4884
4884
4885
4885
4886
4888
4889
4890
4890
4891
4894
4894
4895
4895
4898
4899
4899
4900
4902
4903
4904
4904
4906
4907
4908
4909
4914
4918
4919
4922
4926
4927
4928
4928
4929
4931
4932
4934
4935
4936
4936
4938
4939
4940
4943
4944
4945
4946
4947
4948
4948
4948
4948
4949
4950
4952
4953
4954
4954
4957
4957
4957
4958
4959
4960
4960
4965
4965
4965
4965
4966
4966
4968
4969
4969
4970
4970
4970
4971
4971
4972
4974
4974
4975
4977
4978
4978
4981
4982
4982
4982
4983
4984
4985
4986
4987
4988
4988
4989
4991
4991
4992
4992
4994
4997
4998
5003
5003
5003
5004
5005
5005
5005
5007
5007
5011
5011
5012
5013
5014
5016
5016
5017
5017
5018
5018
5019
5020
5023
5023
5026
5027
5027
5028
5028
5029
5029
5029
5030
5031
5035
5037
5037
5038
5039
5040
5042
5044
5045
5046
5048
5049
5051
5055
5055
5055
5056
5057
5057
5057
5064
5068
5068
5069
5070
5072
5072
5072
5073
5076
5076
5080
5081
5082
5082
5083
5084
5085
5085
5088
5089
5089
5089
5089
5090
5090
5091
5092
5093
5094
5094
5095
5100
5100
5102
5103
5103
5105
5105
5106
5106
5107
5108
5109
5112
5112
5113
5114
5115
5115
5119
5119
5120
5120
5121
5121
5122
5123
5124
5124
5125
5126
5127
5128
5128
5129
5129
5130
5130
5131
5132
5133
5134
5135
5136
5136
5138
5138
5139
5144
5145
5147
5147
5147
5147
5148
5149
5150
5155
5160
5162
5162
5162
5165
5165
5167
5168
5169
5170
5171
5172
5172
5173
5174
5175
5175
5175
5176
5177
5177
5178
5179
5179
5180
5180
5180
5182
5184
5189
5190
5190
5190
5192
5193
5193
5193
5193
5195
5197
5197
5198
5200
5201
5201
5203
5206
5206
5206
5207
5207
5207
5208
5209
5211
5212
5214
5215
5216
5218
5218
5220
5223
5225
5226
5226
5229
5229
5229
5229
5230
5230
5231
5231
5234
5234
5234
5235
5236
5240
5240
5241
5242
5244
5244
5250
5251
5251
5252
5253
5255
5255
5255
5256
5258
5259
5259
5260
5261
5261
5262
5264
5264
5266
5267
5271
5272
5272
5275
5278
5279
5279
5280
5282
5282
5284
5287
5287
5288
5288
5289
5290
5290
5292
5293
5293
5295
5295
5296
5296
5299
5299
5304
5304
5304
5305
5306
5307
5308
5310
5310
5310
5310
5310
5314
5314
5316
5317
5317
5317
5318
5319
5319
5319
5319
5319
5320
5320
5320
5320
5322
5324
5325
5325
5326
5327
5328
5328
5330
5331
5331
5333
5333
5333
5334
5339
5340
5343
5343
5344
5345
5346
5347
5347
5349
5349
5349
5349
5349
5351
5352
5352
5352
5352
5352
5352
5353
5354
5357
5357
5358
5358
5359
5361
5362
5363
5363
5364
5365
5365
5367
5367
5367
5368
5368
5372
5372
5372
5373
5375
5377
5378
5378
5378
5379
5379
5380
5380
5381
5381
5384
5384
5385
5385
5385
5386
5387
5389
5389
5390
5391
5391
5392
5393
5393
5397
5397
5398
5398
5398
5404
5405
5406
5407
5407
5407
5409
5409
5409
5410
5411
5411
5411
5412
5413
5416
5417
5419
5420
5421
5421
5421
5423
5425
5426
5426
5428
5429
5431
5431
5432
5433
5435
5437
5437
5437
5438
5438
5438
5440
5442
5442
5442
5443
5443
5443
5445
5445
5447
5447
5448
5449
5449
5449
5451
5451
5452
5454
5456
5458
5460
5460
5463
5465
5465
5465
5466
5467
5468
5468
5470
5473
5475
5477
5477
5479
5479
5480
5480
5482
5482
5484
5485
5485
5485
5486
5486
5487
5487
5488
5491
5492
5492
5492
5492
5492
5494
5495
5495
5496
5497
5498
5498
5498
5499
5499
5500
5501
5502
5502
5503
5505
5507
5507
5508
5508
5508
5509
5510
5512
5513
5513
5513
5514
5515
5516
5516
5517
5517
5520
5522
5523
5523
5523
5525
5528
5528
5529
5529
5530
5530
5531
5531
5531
5533
5534
5534
5536
5537
5537
5539
5540
5540
5542
5542
5543
5543
5544
5546
5546
5547
5548
5548
5549
5550
5550
5551
5552
5555
5556
5556
5562
5563
5563
5565
5565
5566
5566
5567
5568
5569
5570
5570
5571
5572
5572
5576
5577
5577
5578
5580
5580
5580
5581
5582
5582
5582
5584
5585
5585
5586
5587
5587
5589
5589
5591
5592
5593
5594
5596
5596
5598
5600
5603
5603
5604
5604
5605
5605
5607
5608
5609
5610
5612
5612
5613
5614
5615
5616
5616
5616
5617
5618
5620
5621
5623
5623
5624
5624
5625
5626
5628
5628
5629
5630
5632
5632
5633
5636
5636
5636
5636
5637
5637
5638
5638
5640
5641
5641
5643
5643
5646
5646
5647
5648
5648
5648
5653
5655
5656
5658
5659
5660
5661
5661
5662
5662
5664
5667
5667
5668
5668
5670
5671
5671
5674
5674
5674
5676
5676
5676
5678
5680
5681
5682
5682
5683
5684
5684
5686
5686
5686
5687
5696
5696
5698
5698
5699
5699
5700
5700
5701
5701
5702
5703
5704
5705
5705
5708
5708
5708
5710
5710
5711
5712
5712
5715
5716
5717
5717
5720
5722
5722
5724
5724
5726
5727
5728
5729
5730
5731
5731
5732
5732
5734
5736
5737
5737
5738
5741
5741
5741
5742
5743
5744
5745
5748
5749
5752
5753
5753
5754
5755
5755
5755
5756
5757
5758
5759
5760
5760
5761
5761
5762
5762
5762
5765
5766
5766
5767
5767
5767
5767
5770
5770
5772
5773
5773
5774
5774
5774
5774
5775
5778
5779
5780
5780
5781
5781
5781
5782
5783
5783
5783
5784
5784
5784
5784
5784
5785
5787
5788
5788
5788
5789
5792
5793
5794
5794
5797
5797
5797
5797
5798
5798
5800
5801
5801
5804
5806
5806
5807
5808
5808
5808
5810
5814
5814
5815
5818
5818
5820
5820
5825
5828
5828
5829
5830
5830
5830
5831
5831
5832
5833
5835
5836
5838
5842
5842
5843
5844
5844
5845
5845
5846
5847
5847
5847
5847
5849
5851
5851
5853
5854
5854
5854
5855
5857
5857
5858
5858
5859
5860
5860
5860
5860
5862
5862
5863
5864
5865
5865
5866
5867
5869
5869
5870
5870
5871
5871
5871
5871
5871
5871
5872
5873
5873
5873
5874
5875
5878
5879
5879
5880
5880
5881
5881
5882
5882
5883
5885
5887
5888
5889
5891
5892
5892
5893
5893
5893
5893
5895
5895
5897
5897
5900
5900
5900
5900
5900
5902
5905
5911
5911
5912
5912
5917
5918
5920
5920
5921
5922
5922
5922
5924
5924
5926
5926
5927
5929
5930
5932
5932
5933
5937
5939
5941
5942
5942
5942
5943
5944
5944
5948
5949
5950
5952
5953
5954
5957
5958
5958
5961
5962
5963
5964
5964
5965
5965
5965
5966
5966
5966
5967
5967
5971
5971
5972
5975
5976
5978
5978
5978
5979
5981
5982
5984
5986
5986
5987
5987
5990
5990
5993
5995
5997
5999
5999
6000
6000
6004
6004
6005
6005
6007
6010
6011
6013
6013
6013
6014
6014
6015
6016
6017
6017
6018
6019
6019
6021
6021
6022
6022
6022
6023
6023
6024
6024
6025
6025
6026
6026
6027
6028
6029
6031
6032
6032
6032
6034
6036
6036
6037
6037
6038
6039
6040
6040
6042
6047
6047
6048
6048
6048
6049
6049
6050
6050
6052
6054
6054
6056
6058
6062
6062
6062
6064
6064
6066
6066
6066
6067
6069
6069
6070
6071
6071
6071
6072
6073
6073
6075
6075
6076
6078
6078
6080
6080
6080
6081
6082
6083
6085
6085
6085
6089
6090
6091
6092
6093
6095
6095
6096
6096
6097
6097
6099
6102
6104
6105
6106
6106
6106
6109
6109
6109
6110
6111
6115
6115
6118
6118
6123
6123
6125
6125
6128
6128
6130
6130
6131
6132
6132
6133
6134
6135
6136
6137
6137
6138
6138
6141
6141
6142
6143
6145
6148
6148
6150
6151
6151
6152
6153
6154
6154
6156
6158
6160
6161
6161
6162
6163
6163
6164
6167
6172
6176
6177
6179
6180
6184
6185
6185
6186
6186
6187
6187
6188
6190
6190
6194
6194
6195
6196
6196
6197
6199
6199
6200
6201
6201
6203
6203
6203
6203
6204
6205
6206
6208
6208
6208
6209
6209
6210
6210
6211
6212
6212
6216
6216
6217
6221
6223
6224
6226
6227
6227
6229
6231
6231
6231
6232
6233
6233
6234
6235
6238
6238
6240
6240
6240
6241
6243
6243
6244
6244
6244
6245
6245
6246
6249
6249
6250
6251
6251
6252
6254
6256
6256
6256
6259
6261
6262
6262
6263
6263
6263
6267
6272
6272
6273
6273
6275
6275
6276
6277
6277
6278
6279
6279
6281
6282
6283
6285
6285
6286
6286
6287
6289
6289
6290
6290
6291
6291
6292
6292
6292
6293
6295
6295
6295
6297
6298
6298
6300
6301
6302
6304
6305
6305
6309
6309
6309
6309
6309
6311
6315
6315
6316
6316
6319
6320
6321
6322
6324
6324
6325
6327
6327
6329
6332
6332
6333
6335
6338
6340
6341
6343
6346
6347
6347
6347
6348
6349
6350
6350
6351
6352
6353
6353
6354
6354
6355
6355
6355
6356
6357
6357
6358
6358
6359
6359
6359
6361
6361
6361
6362
6362
6367
6369
6371
6372
6373
6373
6376
6377
6379
6380
6383
6384
6385
6386
6386
6387
6388
6388
6388
6390
6390
6393
6394
6394
6394
6396
6397
6397
6398
6398
6401
6402
6402
6402
6403
6405
6406
6407
6407
6410
6413
6413
6413
6415
6417
6417
6417
6417
6418
6419
6420
6420
6421
6422
6423
6426
6426
6426
6427
6429
6429
6431
6432
6432
6433
6436
6437
6438
6439
6440
6441
6441
6442
6442
6443
6444
6444
6445
6445
6446
6446
6446
6448
6451
6451
6452
6453
6454
6454
6454
6454
6455
6459
6459
6463
6463
6464
6464
6465
6466
6466
6468
6469
6471
6474
6476
6476
6476
6478
6478
6480
6480
6480
6481
6482
6486
6489
6489
6490
6490
6490
6491
6494
6495
6497
6497
6498
6500
6501
6503
6505
6505
6506
6506
6506
6507
6508
6508
6512
6512
6512
6514
6516
6517
6522
6522
6523
6523
6523
6524
6525
6525
6526
6526
6527
6529
6530
6530
6531
6531
6531
6532
6534
6534
6534
6535
6535
6537
6537
6537
6537
6538
6539
6539
6541
6541
6541
6542
6542
6544
6545
6546
6547
6550
6551
6551
6551
6552
6552
6553
6555
6555
6556
6558
6559
6559
6560
6560
6560
6562
6563
6565
6567
6570
6572
6573
6573
6574
6577
6578
6579
6580
6585
6585
6585
6587
6590
6591
6592
6593
6595
6595
6595
6599
6599
6600
6601
6603
6604
6605
6605
6608
6609
6610
6611
6611
6613
6614
6615
6616
6616
6618
6618
6619
6621
6621
6621
6625
6626
6628
6629
6631
6632
6633
6633
6634
6635
6635
6638
6638
6638
6641
6642
6642
6642
6642
6644
6646
6646
6648
6648
6649
6649
6650
6650
6650
6652
6654
6655
6658
6660
6664
6664
6667
6668
6669
6669
6671
6673
6673
6673
6674
6675
6676
6676
6677
6677
6678
6678
6681
6681
6681
6682
6682
6683
6683
6685
6685
6688
6689
6691
6691
6692
6692
6694
6694
6694
6695
6696
6696
6696
6696
6696
6697
6698
6698
6698
6699
6699
6700
6700
6701
6701
6702
6703
6705
6706
6706
6708
6709
6710
6710
6712
6714
6716
6718
6718
6718
6719
6720
6720
6720
6720
6721
6721
6724
6724
6724
6725
6725
6725
6725
6726
6726
6728
6729
6731
6731
6732
6733
6733
6733
6733
6733
6734
6734
6734
6734
6734
6736
6736
6736
6736
6739
6739
6741
6742
6742
6744
6745
6745
6748
6748
6749
6749
6750
6752
6752
6753
6753
6754
6754
6755
6758
6758
6761
6761
6761
6762
6762
6764
6765
6765
6765
6766
6768
6770
6771
6772
6774
6775
6776
6779
6780
6781
6781
6786
6787
6788
6788
6788
6790
6793
6794
6794
6795
6795
6796
6797
6797
6797
6802
6802
6803
6805
6807
6807
6808
6809
6813
6813
6814
6814
6815
6816
6817
6817
6817
6817
6818
6818
6818
6821
6821
6824
6824
6826
6827
6827
6829
6830
6831
6832
6834
6835
6839
6840
6840
6841
6841
6841
6844
6845
6846
6848
6849
6850
6851
6851
6852
6852
6854
6856
6856
6856
6857
6858
6859
6860
6861
6862
6863
6865
6866
6867
6868
6868
6868
6870
6874
6876
6876
6878
6878
6878
6879
6879
6880
6884
6885
6885
6886
6889
6890
6890
6890
6891
6893
6894
6895
6895
6895
6897
6898
6898
6898
6898
6898
6899
6900
6901
6901
6902
6902
6902
6902
6902
6903
6905
6905
6906
6908
6908
6911
6911
6911
6912
6912
6912
6916
6920
6922
6922
6922
6923
6923
6924
6928
6928
6928
6929
6929
6930
6930
6931
6931
6933
6934
6935
6936
6936
6937
6939
6940
6941
6941
6942
6943
6943
6946
6946
6947
6950
6951
6957
6959
6960
6960
6962
6963
6964
6964
6966
6969
6979
6979
6983
6983
6984
6984
6984
6984
6985
6986
6987
6987
6987
6988
6988
6990
6993
6995
6995
6996
6997
6997
6999
7000
7001
7001
7002
7004
7005
7007
7008
7009
7009
7011
7012
7014
7014
7014
7015
7016
7017
7018
7018
7019
7021
7022
7022
7024
7025
7026
7027
7027
7028
7029
7030
7030
7031
7031
7032
7032
7034
7036
7037
7037
7038
7041
7042
7043
7043
7044
7044
7044
7045
7046
7046
7046
7049
7051
7051
7051
7052
7053
7054
7054
7055
7056
7057
7058
7058
7058
7062
7064
7065
7071
7071
7072
7073
7075
7075
7076
7079
7079
7080
7081
7081
7082
7082
7082
7083
7084
7084
7088
7089
7091
7092
7092
7097
7098
7098
7099
7100
7103
7103
7103
7103
7103
7103
7104
7104
7104
7107
7107
7108
7109
7109
7109
7110
7113
7114
7114
7117
7118
7119
7119
7120
7120
7121
7121
7122
7122
7123
7125
7126
7127
7127
7128
7129
7129
7130
7131
7131
7132
7132
7132
7132
7133
7136
7137
7137
7138
7141
7142
7143
7145
7146
7146
7146
7146
7147
7147
7148
7151
7151
7152
7153
7154
7154
7156
7156
7156
7158
7162
7162
7162
7162
7164
7165
7166
7166
7169
7169
7170
7171
7173
7174
7178
7178
7178
7179
7179
7180
7180
7183
7185
7185
7186
7188
7188
7189
7189
7190
7192
7192
7193
7193
7195
7197
7197
7198
7199
7199
7200
7202
7202
7202
7203
7203
7203
7204
7208
7208
7210
7211
7211
7211
7213
7214
7214
7215
7216
7219
7219
7221
7223
7224
7225
7225
7227
7227
7228
7229
7230
7231
7232
7233
7235
7235
7236
7236
7237
7237
7240
7241
7241
7243
7246
7246
7248
7249
7249
7251
7251
7251
7251
7251
7252
7253
7253
7253
7254
7254
7254
7256
7256
7256
7257
7257
7258
7260
7260
7261
7261
7261
7261
7262
7263
7264
7265
7265
7266
7266
7267
7268
7268
7271
7271
7272
7272
7273
7273
7273
7274
7275
7276
7276
7277
7278
7278
7279
7280
7280
7281
7281
7282
7282
7282
7282
7285
7285
7285
7286
7286
7286
7287
7288
7288
7289
7289
7290
7291
7292
7292
7293
7294
7298
7298
7301
7301
7302
7302
7305
7305
7308
7308
7309
7310
7310
7311
7311
7312
7314
7314
7316
7317
7317
7318
7319
7319
7319
7319
7320
7321
7322
7325
7325
7326
7326
7328
7329
7330
7332
7332
7333
7334
7335
7336
7336
7337
7338
7341
7344
7346
7347
7349
7350
7350
7351
7352
7353
7354
7357
7359
7360
7360
7360
7361
7361
7362
7362
7363
7365
7366
7368
7369
7371
7372
7373
7374
7375
7375
7376
7377
7378
7380
7381
7386
7386
7387
7387
7387
7388
7389
7390
7391
7393
7393
7394
7395
7395
7395
7396
7397
7397
7397
7398
7401
7401
7402
7402
7403
7403
7404
7404
7404
7408
7408
7409
7409
7409
7411
7411
7412
7412
7413
7413
7413
7413
7415
7416
7417
7417
7417
7418
7419
7419
7420
7420
7422
7423
7425
7426
7426
7426
7427
7428
7428
7429
7430
7430
7431
7432
7432
7433
7434
7440
7440
7440
7440
7443
7443
7444
7444
7445
7445
7447
7447
7448
7450
7450
7451
7451
7452
7454
7455
7457
7457
7459
7460
7460
7461
7462
7462
7463
7465
7466
7466
7466
7468
7470
7470
7472
7476
7477
7477
7478
7480
7481
7482
7482
7482
7483
7485
7487
7488
7488
7488
7488
7489
7490
7491
7492
7492
7492
7493
7493
7493
7495
7495
7495
7496
7496
7496
7497
7498
7499
7501
7502
7503
7506
7507
7510
7511
7511
7512
7512
7512
7513
7515
7516
7518
7520
7521
7522
7522
7522
7523
7523
7523
7525
7525
7527
7527
7528
7530
7532
7533
7534
7534
7534
7535
7536
7537
7539
7539
7540
7540
7540
7541
7542
7543
7543
7543
7545
7545
7546
7548
7549
7549
7550
7551
7551
7552
7553
7557
7559
7559
7560
7561
7561
7563
7564
7565
7565
7566
7566
7567
7570
7571
7571
7571
7572
7573
7575
7575
7576
7578
7579
7581
7581
7582
7582
7582
7583
7585
7586
7589
7590
7592
7593
7593
7594
7596
7602
7604
7605
7605
7606
7607
7609
7610
7612
7612
7612
7612
7612
7613
7613
7615
7616
7616
7617
7617
7618
7620
7621
7621
7622
7623
7625
7627
7630
7630
7631
7632
7632
7632
7634
7638
7641
7642
7642
7644
7645
7647
7650
7653
7653
7656
7657
7659
7660
7662
7662
7662
7663
7666
7667
7671
7672
7672
7676
7676
7677
7678
7678
7680
7680
7681
7682
7684
7685
7685
7687
7688
7689
7689
7689
7689
7690
7690
7691
7691
7691
7691
7692
7694
7696
7697
7697
7698
7699
7699
7700
7701
7701
7702
7702
7704
7704
7704
7704
7706
7707
7708
7709
7709
7710
7711
7712
7713
7714
7714
7714
7714
7716
7716
7717
7717
7718
7718
7719
7719
7720
7720
7721
7721
7723
7724
7724
7726
7726
7729
7729
7729
7730
7732
7734
7735
7736
7737
7740
7742
7742
7742
7742
7744
7744
7746
7747
7750
7751
7751
7753
7753
7753
7753
7754
7754
7757
7757
7759
7760
7760
7760
7762
7763
7763
7764
7765
7766
7766
7767
7768
7769
7770
7770
7771
7772
7774
7775
7778
7780
7781
7781
7782
7782
7782
7786
7787
7788
7788
7789
7789
7790
7792
7793
7795
7796
7796
7799
7800
7801
7801
7801
7803
7804
7805
7805
7806
7806
7806
7809
7810
7811
7811
7813
7813
7815
7815
7815
7818
7818
7820
7821
7823
7824
7825
7826
7826
7827
7828
7829
7831
7831
7832
7832
7833
7833
7835
7835
7836
7837
7837
7838
7840
7848
7849
7852
7854
7856
7858
7858
7858
7858
7860
7861
7861
7861
7863
7864
7864
7864
7865
7866
7868
7868
7869
7870
7870
7872
7873
7873
7873
7873
7874
7874
7875
7876
7877
7878
7879
7879
7879
7880
7881
7881
7881
7882
7883
7883
7884
7885
7885
7887
7887
7888
7889
7891
7892
7892
7894
7894
7899
7902
7905
7905
7905
7908
7909
7909
7910
7910
7910
7912
7914
7914
7916
7919
7920
7921
7922
7922
7924
7925
7926
7930
7930
7930
7930
7931
7931
7932
7933
7933
7934
7934
7937
7937
7939
7940
7940
7941
7942
7945
7945
7947
7947
7947
7948
7949
7949
7950
7950
7950
7950
7952
7953
7954
7955
7957
7959
7960
7960
7961
7962
7963
7963
7964
7966
7966
7967
7967
7968
7969
7972
7975
7975
7976
7976
7977
7977
7977
7977
7978
7979
7979
7986
7988
7989
7990
7991
7991
7994
7995
7996
7997
7997
7997
7998
8001
8001
8002
8002
8002
8002
8003
8003
8004
8004
8005
8006
8006
8008
8008
8009
8009
8013
8015
8015
8016
8016
8017
8019
8020
8022
8022
8023
8023
8024
8026
8026
8027
8027
8029
8029
8029
8031
8033
8033
8034
8034
8037
8038
8038
8040
8042
8042
8042
8043
8043
8043
8044
8044
8045
8045
8045
8047
8048
8048
8052
8052
8054
8055
8055
8059
8060
8061
8064
8064
8066
8068
8070
8071
8073
8073
8075
8076
8076
8076
8076
8077
8077
8079
8080
8080
8080
8081
8081
8082
8082
8083
8084
8084
8085
8086
8086
8086
8088
8089
8090
8091
8094
8094
8097
8097
8098
8098
8099
8100
8101
8102
8102
8102
8103
8104
8105
8105
8106
8106
8107
8107
8107
8107
8107
8108
8108
8109
8110
8111
8112
8113
8114
8114
8114
8114
8114
8115
8115
8117
8118
8119
8119
8121
8123
8124
8124
8125
8125
8127
8127
8127
8128
8128
8129
8131
8131
8131
8133
8133
8133
8135
8137
8137
8137
8139
8141
8141
8143
8143
8144
8146
8147
8149
8149
8151
8154
8154
8155
8155
8156
8157
8158
8159
8159
8160
8161
8161
8162
8162
8163
8163
8164
8165
8165
8165
8166
8166
8166
8167
8167
8167
8168
8172
8172
8174
8174
8174
8176
8177
8177
8177
8179
8180
8180
8182
8185
8185
8188
8188
8190
8190
8192
8192
8195
8198
8200
8201
8201
8201
8203
8205
8207
8207
8209
8211
8212
8213
8213
8216
8216
8218
8218
8219
8219
8220
8221
8221
8221
8222
8223
8225
8225
8226
8226
8228
8230
8230
8232
8232
8233
8233
8234
8234
8234
8235
8235
8236
8236
8237
8241
8241
8243
8244
8247
8247
8248
8249
8249
8252
8252
8253
8254
8254
8255
8256
8257
8259
8259
8259
8259
8259
8263
8263
8263
8265
8266
8268
8270
8273
8275
8275
8275
8276
8276
8277
8279
8280
8281
8283
8283
8285
8285
8286
8287
8287
8287
8287
8288
8289
8291
8293
8294
8295
8295
8296
8296
8297
8298
8298
8300
8300
8302
8302
8303
8303
8304
8306
8309
8310
8310
8311
8314
8315
8317
8317
8317
8318
8319
8319
8319
8321
8321
8323
8324
8325
8328
8329
8329
8329
8330
8333
8334
8338
8339
8339
8339
8342
8342
8345
8346
8346
8346
8348
8348
8349
8351
8351
8351
8352
8353
8353
8353
8355
8357
8361
8362
8364
8365
8368
8368
8373
8373
8375
8377
8379
8381
8384
8384
8384
8384
8386
8386
8387
8387
8388
8389
8390
8391
8391
8392
8393
8393
8393
8394
8396
8396
8397
8397
8398
8398
8399
8399
8400
8402
8402
8403
8403
8403
8407
8407
8408
8408
8408
8409
8410
8410
8411
8412
8413
8414
8415
8415
8418
8418
8418
8420
8421
8422
8423
8423
8423
8424
8425
8425
8425
8428
8429
8431
8431
8431
8432
8432
8433
8434
8436
8436
8436
8436
8436
8440
8441
8443
8443
8443
8444
8444
8445
8447
8448
8448
8448
8452
8452
8452
8454
8455
8458
8460
8460
8460
8460
8460
8461
8461
8462
8462
8463
8463
8463
8467
8467
8467
8468
8468
8469
8469
8470
8471
8471
8472
8472
8476
8479
8479
8479
8481
8482
8484
8484
8485
8486
8486
8486
8486
8486
8488
8489
8492
8493
8493
8493
8493
8496
8496
8496
8496
8497
8500
8501
8502
8502
8503
8505
8506
8508
8509
8511
8512
8515
8515
8516
8516
8516
8517
8527
8527
8527
8528
8528
8529
8530
8532
8533
8534
8535
8536
8536
8537
8537
8537
8537
8541
8541
8541
8542
8545
8545
8546
8547
8548
8550
8551
8552
8553
8554
8554
8557
8559
8560
8560
8564
8564
8565
8565
8565
8566
8567
8567
8567
8567
8568
8569
8569
8570
8571
8573
8573
8574
8576
8577
8577
8577
8579
8579
8581
8582
8582
8582
8582
8582
8584
8584
8584
8585
8587
8587
8587
8591
8591
8593
8593
8594
8594
8595
8596
8596
8602
8602
8602
8603
8605
8605
8605
8606
8607
8607
8610
8610
8611
8612
8614
8615
8617
8617
8618
8620
8622
8624
8625
8625
8626
8627
8627
8628
8628
8629
8630
8634
8634
8634
8634
8635
8636
8637
8638
8639
8640
8641
8642
8643
8643
8644
8645
8646
8646
8650
8652
8652
8655
8655
8656
8656
8657
8660
8662
8663
8663
8663
8664
8664
8665
8665
8668
8669
8669
8673
8674
8675
8675
8675
8676
8677
8678
8678
8681
8681
8682
8683
8683
8683
8684
8686
8687
8688
8689
8689
8689
8690
8690
8693
8693
8695
8695
8696
8697
8698
8698
8699
8699
8699
8699
8700
8701
8702
8702
8702
8703
8703
8703
8704
8704
8705
8705
8705
8707
8709
8710
8712
8714
8715
8717
8718
8719
8721
8721
8722
8722
8723
8726
8727
8727
8727
8729
8729
8730
8733
8733
8735
8737
8737
8738
8738
8738
8739
8739
8743
8745
8745
8745
8746
8748
8749
8749
8753
8756
8757
8758
8763
8764
8764
8765
8765
8765
8765
8766
8767
8768
8768
8768
8769
8770
8771
8772
8772
8773
8773
8775
8776
8777
8777
8778
8778
8778
8779
8780
8780
8781
8784
8784
8784
8786
8786
8787
8787
8788
8790
8792
8792
8793
8794
8796
8798
8798
8799
8802
8804
8804
8805
8806
8807
8807
8808
8808
8808
8809
8810
8812
8812
8813
8813
8814
8814
8815
8817
8819
8819
8821
8821
8822
8822
8823
8824
8824
8826
8828
8829
8830
8831
8833
8834
8834
8836
8837
8837
8838
8839
8840
8841
8842
8842
8845
8847
8847
8847
8847
8848
8848
8851
8853
8854
8854
8855
8856
8856
8857
8857
8860
8861
8861
8861
8863
8863
8864
8864
8866
8866
8866
8867
8867
8868
8868
8869
8869
8870
8870
8870
8870
8873
8874
8876
8877
8877
8881
8881
8882
8883
8883
8883
8883
8884
8884
8884
8885
8887
8887
8888
8889
8893
8893
8893
8893
8894
8894
8896
8897
8897
8899
8900
8901
8901
8902
8903
8906
8907
8907
8907
8908
8908
8909
8911
8911
8911
8913
8915
8916
8917
8918
8920
8920
8922
8922
8922
8923
8923
8925
8925
8926
8930
8932
8933
8936
8937
8938
8939
8939
8941
8944
8944
8944
8944
8946
8947
8950
8950
8954
8954
8955
8956
8957
8957
8958
8959
8963
8963
8964
8964
8964
8966
8968
8970
8970
8970
8971
8971
8971
8971
8971
8973
8975
8976
8977
8977
8978
8978
8979
8979
8979
8979
8980
8980
8981
8981
8982
8983
8984
8986
8987
8988
8988
8990
8991
8991
8993
8993
8993
8996
8996
8998
9000
9005
9005
9008
9010
9010
9010
9010
9011
9013
9015
9016
9016
9018
9023
9023
9024
9025
9026
9026
9026
9027
9028
9029
9029
9030
9030
9031
9031
9032
9032
9034
9034
9035
9035
9037
9039
9039
9040
9041
9042
9043
9046
9046
9047
9048
9049
9049
9050
9050
9051
9052
9053
9055
9055
9057
9060
9060
9062
9062
9065
9066
9067
9067
9068
9069
9069
9069
9070
9070
9071
9071
9071
9072
9072
9073
9074
9074
9075
9075
9075
9076
9078
9079
9080
9081
9083
9083
9084
9088
9089
9091
9091
9091
9091
9092
9092
9093
9095
9095
9097
9099
9102
9102
9103
9106
9106
9106
9106
9106
9106
9108
9109
9109
9109
9110
9110
9112
9112
9113
9113
9114
9114
9115
9116
9116
9117
9118
9119
9119
9119
9119
9120
9123
9124
9127
9127
9128
9130
9132
9133
9133
9134
9134
9135
9135
9138
9140
9140
9141
9143
9143
9145
9146
9146
9147
9148
9149
9152
9153
9155
9156
9158
9158
9160
9160
9161
9162
9162
9163
9165
9165
9165
9167
9168
9169
9170
9171
9173
9173
9174
9174
9175
9176
9177
9179
9181
9182
9183
9184
9185
9187
9187
9188
9188
9189
9191
9192
9193
9194
9195
9195
9197
9200
9202
9203
9204
9205
9205
9205
9205
9206
9208
9208
9208
9208
9211
9211
9212
9212
9214
9216
9216
9217
9217
9220
9221
9221
9221
9222
9222
9223
9223
9224
9228
9230
9231
9231
9232
9232
9232
9233
9233
9236
9237
9240
9241
9243
9244
9244
9244
9247
9247
9249
9249
9249
9249
9249
9249
9251
9252
9252
9252
9252
9253
9255
9256
9256
9258
9261
9261
9262
9262
9263
9263
9263
9263
9264
9264
9264
9265
9265
9266
9268
9269
9269
9271
9272
9273
9273
9274
9277
9278
9279
9279
9282
9283
9284
9284
9286
9286
9288
9290
9290
9290
9290
9292
9292
9292
9293
9293
9294
9295
9296
9296
9296
9296
9297
9298
9299
9302
9303
9303
9304
9304
9305
9305
9306
9306
9308
9308
9309
9310
9312
9312
9312
9313
9313
9314
9314
9315
9315
9315
9317
9318
9318
9320
9321
9325
9326
9326
9327
9329
9330
9330
9331
9331
9332
9332
9335
9337
9337
9337
9338
9339
9341
9341
9344
9344
9345
9345
9346
9346
9347
9347
9348
9349
9349
9350
9350
9351
9353
9353
9356
9356
9357
9358
9360
9360
9360
9360
9360
9363
9364
9366
9367
9368
9369
9371
9372
9373
9374
9374
9377
9378
9378
9378
9379
9381
9381
9382
9382
9382
9383
9383
9383
9384
9384
9387
9387
9388
9389
9390
9391
9391
9392
9392
9393
9395
9396
9397
9398
9399
9399
9400
9402
9403
9403
9404
9404
9406
9407
9408
9408
9409
9410
9411
9412
9414
9418
9421
9423
9423
9424
9424
9426
9427
9431
9433
9433
9435
9436
9437
9438
9439
9442
9442
9446
9446
9448
9448
9452
9453
9453
9453
9454
9454
9455
9459
9459
9460
9461
9463
9463
9463
9466
9467
9467
9467
9467
9468
9468
9471
9473
9476
9479
9480
9480
9484
9485
9485
9485
9486
9487
9487
9488
9492
9492
9492
9492
9492
9493
9493
9494
9496
9496
9497
9499
9499
9500
9500
9500
9501
9501
9502
9502
9503
9504
9506
9507
9507
9510
9511
9511
9511
9512
9512
9513
9514
9516
9516
9519
9520
9521
9521
9522
9522
9524
9524
9525
9528
9529
9529
9531
9532
9534
9536
9536
9538
9538
9541
9542
9543
9544
9546
9547
9547
9548
9551
9552
9553
9553
9554
9557
9557
9557
9557
9557
9559
9560
9560
9564
9564
9564
9567
9568
9569
9570
9570
9571
9572
9572
9574
9575
9577
9578
9581
9582
9583
9583
9584
9584
9587
9589
9590
9592
9592
9594
9595
9596
9599
9600
9601
9602
9603
9604
9605
9605
9608
9608
9610
9610
9611
9613
9613
9614
9614
9616
9617
9618
9618
9618
9619
9620
9620
9620
9621
9621
9621
9622
9622
9623
9624
9624
9625
9626
9627
9628
9629
9633
9634
9634
9637
9637
9638
9639
9640
9640
9642
9642
9643
9643
9643
9645
9646
9647
9647
9648
9650
9652
9653
9653
9653
9654
9655
9655
9655
9655
9656
9656
9659
9659
9660
9661
9662
9663
9664
9665
9665
9666
9667
9667
9669
9670
9672
9674
9675
9677
9679
9679
9680
9684
9685
9686
9686
9690
9690
9692
9692
9693
9693
9694
9697
9699
9700
9701
9704
9705
9706
9708
9709
9710
9710
9710
9711
9712
9714
9716
9717
9720
9720
9720
9721
9722
9722
9723
9726
9726
9730
9731
9731
9732
9732
9733
9734
9734
9736
9737
9737
9737
9740
9742
9742
9742
9745
9745
9747
9747
9748
9751
9752
9754
9754
9757
9758
9759
9759
9761
9762
9763
9765
9766
9767
9767
9767
9768
9769
9770
9770
9771
9771
9774
9776
9777
9779
9781
9781
9782
9783
9784
9786
9787
9788
9791
9795
9795
9799
9799
9799
9799
9800
9800
9800
9801
9801
9801
9802
9803
9803
9804
9804
9806
9809
9809
9810
9812
9812
9813
9818
9818
9818
9819
9819
9819
9819
9820
9820
9820
9820
9820
9821
9821
9823
9824
9824
9827
9829
9830
9830
9831
9832
9832
9833
9834
9834
9836
9838
9838
9839
9840
9846
9847
9850
9851
9852
9852
9853
9854
9856
9856
9856
9857
9857
9857
9857
9858
9864
9864
9865
9866
9869
9869
9870
9872
9874
9874
9875
9875
9875
9876
9878
9883
9883
9885
9885
9885
9886
9887
9887
9887
9888
9889
9889
9891
9891
9891
9893
9893
9894
9894
9895
9898
9899
9899
9899
9900
9900
9900
9901
9904
9905
9906
9906
9908
9908
9908
9909
9909
9910
9911
9912
9912
9912
9913
9914
9915
9916
9916
9918
9918
9918
9919
9919
9924
9924
9926
9926
9927
9927
9928
9930
9932
9932
9934
9935
9935
9935
9935
9936
9936
9937
9937
9938
9938
9938
9945
9946
9948
9950
9950
9951
9954
9955
9956
9957
9957
9959
9960
9960
9960
9962
9962
9962
9963
9964
9964
9969
9970
9972
9973
9975
9978
9979
9979
9979
9979
9980
9980
9980
9983
9984
9984
9984
9985
9986
9987
9987
9989
9990
9990
9991
9991
9991
9992
9993
9993
9993
9995
9996
9999
10000
10000
02:00:03 02:00:03
