9998
9998
9995
9990
9988
9987
9987
9985
9984
9983
9982
9982
9982
9980
9977
9976
9972
9970
9970
9970
9969
9968
9967
9966
9965
9964
9961
9960
9960
9959
9959
9959
9958
9956
9956
9952
9950
9949
9947
9943
9940
9937
9936
9936
9936
9934
9934
9932
9932
9932
9931
9931
9925
9925
9924
9923
9922
9921
9920
9919
9919
9918
9915
9915
9913
9912
9912
9912
9911
9911
9909
9909
9908
9907
9906
9906
9905
9905
9904
9903
9902
9901
9899
9897
9896
9896
9895
9894
9894
9894
9894
9893
9893
9893
9893
9892
9890
9888
9888
9887
9886
9885
9885
9884
9884
9884
9884
9883
9883
9883
9882
9880
9879
9879
9879
9878
9878
9877
9876
9876
9875
9874
9874
9874
9871
9870
9869
9868
9863
9863
9863
9862
9862
9860
9860
9857
9855
9854
9854
9853
9853
9853
9852
9852
9851
9850
9849
9849
9848
9848
9847
9847
9846
9846
9845
9844
9844
9844
9841
9839
9838
9838
9837
9837
9837
9836
9836
9836
9835
9834
9834
9833
9830
9830
9828
9828
9827
9826
9826
9824
9822
9815
9815
9814
9814
9813
9812
9811
9811
9809
9809
9808
9808
9808
9807
9805
9804
9804
9804
9803
9802
9801
9800
9798
9797
9795
9795
9793
9792
9791
9788
9786
9784
9784
9784
9781
9781
9780
9780
9779
9776
9775
9774
9773
9773
9770
9769
9769
9766
9763
9763
9763
9760
9760
9759
9759
9759
9757
9757
9755
9754
9753
9753
9749
9749
9747
9745
9744
9744
9743
9743
9742
9742
9742
9740
9739
9739
9739
9739
9737
9737
9734
9732
9731
9730
9729
9728
9727
9726
9724
9724
9721
9719
9718
9717
9717
9712
9712
9709
9708
9707
9707
9707
9706
9703
9703
9702
9701
9698
9697
9697
9695
9694
9694
9693
9691
9690
9687
9685
9684
9684
9683
9682
9681
9680
9680
9679
9678
9678
9676
9676
9674
9672
9670
9669
9669
9668
9666
9666
9662
9658
9657
9656
9654
9652
9651
9651
9650
9649
9647
9647
9645
9644
9644
9643
9642
9640
9639
9635
9635
9633
9632
9632
9631
9630
9629
9629
9627
9626
9624
9624
9624
9623
9623
9622
9622
9621
9618
9613
9611
9610
9610
9610
9609
9608
9608
9606
9605
9604
9603
9603
9603
9603
9602
9598
9598
9594
9594
9593
9592
9591
9591
9590
9589
9586
9586
9583
9583
9583
9582
9581
9580
9579
9579
9579
9578
9578
9578
9576
9572
9572
9571
9571
9570
9569
9569
9569
9568
9567
9567
9564
9564
9563
9561
9558
9558
9556
9556
9552
9551
9548
9548
9547
9546
9546
9546
9545
9544
9544
9544
9543
9543
9541
9539
9538
9537
9536
9535
9534
9534
9533
9533
9530
9529
9527
9527
9526
9526
9524
9524
9522
9521
9521
9520
9517
9515
9515
9515
9514
9512
9512
9511
9509
9509
9508
9508
9507
9506
9505
9505
9504
9503
9502
9502
9502
9501
9499
9498
9498
9496
9496
9494
9493
9492
9492
9480
9480
9480
9478
9477
9476
9476
9475
9475
9475
9472
9471
9468
9467
9466
9466
9465
9464
9464
9463
9462
9461
9460
9460
9459
9459
9459
9458
9458
9458
9457
9457
9457
9456
9455
9453
9452
9451
9449
9449
9447
9446
9445
9444
9444
9443
9442
9438
9438
9434
9433
9432
9431
9431
9427
9426
9426
9424
9424
9422
9421
9421
9420
9419
9419
9419
9418
9418
9416
9414
9412
9411
9411
9411
9410
9409
9408
9407
9406
9406
9406
9405
9404
9404
9403
9400
9400
9398
9396
9396
9396
9395
9395
9395
9393
9392
9392
9392
9390
9390
9388
9386
9384
9384
9383
9380
9379
9378
9377
9377
9377
9377
9375
9374
9373
9373
9371
9370
9370
9369
9366
9366
9366
9365
9365
9364
9361
9361
9360
9358
9356
9355
9353
9352
9352
9350
9348
9347
9347
9346
9344
9342
9340
9340
9338
9337
9336
9336
9336
9335
9334
9334
9334
9333
9332
9330
9330
9328
9327
9326
9325
9325
9325
9323
9320
9320
9319
9318
9316
9315
9315
9315
9313
9312
9311
9311
9309
9307
9307
9306
9305
9304
9304
9304
9304
9303
9302
9302
9302
9301
9301
9301
9300
9300
9299
9298
9297
9296
9296
9294
9291
9291
9291
9290
9290
9287
9286
9286
9285
9283
9283
9282
9281
9280
9279
9275
9271
9270
9270
9269
9268
9268
9267
9267
9266
9263
9263
9263
9261
9260
9258
9257
9257
9256
9256
9254
9254
9254
9252
9251
9249
9248
9248
9247
9246
9245
9245
9244
9244
9244
9244
9242
9241
9238
9236
9236
9235
9235
9234
9233
9233
9233
9232
9232
9231
9231
9231
9231
9230
9222
9220
9219
9218
9218
9218
9217
9216
9215
9215
9212
9212
9211
9211
9210
9207
9206
9205
9205
9204
9203
9202
9202
9201
9200
9198
9198
9197
9195
9193
9193
9190
9189
9188
9185
9184
9184
9183
9181
9181
9180
9179
9176
9175
9174
9172
9172
9169
9169
9168
9168
9168
9167
9165
9165
9165
9162
9159
9159
9156
9156
9155
9153
9151
9150
9149
9147
9145
9144
9138
9136
9136
9135
9132
9127
9125
9123
9122
9122
9121
9120
9119
9118
9118
9116
9115
9115
9114
9113
9113
9112
9112
9112
9112
9110
9109
9109
9109
9107
9107
9107
9105
9104
9103
9101
9101
9101
9101
9100
9100
9099
9099
9098
9097
9097
9097
9097
9095
9093
9093
9093
9092
9091
9089
9089
9086
9085
9084
9082
9081
9081
9081
9081
9080
9079
9078
9078
9076
9075
9074
9072
9072
9069
9069
9068
9068
9066
9066
9066
9065
9063
9061
9061
9059
9059
9057
9057
9057
9057
9057
9056
9055
9055
9053
9052
9051
9050
9048
9048
9046
9043
9043
9042
9040
9039
9039
9039
9038
9038
9038
9038
9037
9037
9034
9032
9032
9030
9029
9027
9026
9022
9022
9019
9017
9015
9015
9014
9014
9012
9009
9008
9008
9007
9007
9005
9005
9005
9005
9004
9004
9002
9002
9002
9001
9000
8998
8997
8997
8995
8995
8994
8993
8990
8988
8988
8987
8984
8983
8983
8983
8982
8982
8981
8977
8971
8971
8969
8968
8968
8967
8965
8964
8964
8964
8963
8962
8962
8961
8960
8959
8958
8958
8958
8956
8956
8956
8954
8952
8952
8951
8950
8949
8946
8943
8940
8940
8939
8936
8936
8935
8935
8934
8934
8934
8931
8931
8930
8929
8927
8927
8927
8924
8924
8923
8917
8916
8915
8914
8913
8912
8911
8910
8910
8910
8907
8906
8905
8905
8902
8900
8900
8899
8898
8898
8898
8896
8896
8895
8894
8893
8893
8893
8893
8893
8892
8891
8890
8889
8888
8887
8886
8886
8885
8885
8884
8878
8877
8876
8875
8875
8875
8873
8872
8871
8871
8869
8869
8866
8866
8864
8864
8863
8863
8861
8860
8859
8859
8857
8857
8857
8856
8854
8853
8853
8852
8852
8852
8849
8848
8847
8846
8846
8846
8844
8844
8841
8840
8839
8837
8834
8833
8833
8832
8831
8830
8828
8828
8827
8826
8826
8826
8825
8824
8823
8822
8820
8818
8817
8817
8815
8814
8812
8810
8807
8806
8805
8805
8804
8803
8800
8799
8798
8798
8798
8797
8797
8796
8796
8794
8794
8794
8793
8790
8786
8785
8784
8784
8782
8781
8779
8778
8777
8777
8776
8772
8772
8770
8769
8769
8769
8767
8767
8767
8766
8765
8761
8759
8759
8758
8758
8757
8756
8755
8755
8753
8753
8751
8750
8749
8747
8745
8744
8743
8743
8741
8741
8740
8740
8739
8738
8737
8736
8736
8735
8733
8732
8732
8732
8732
8731
8731
8728
8727
8727
8722
8720
8720
8720
8720
8719
8716
8715
8714
8713
8712
8712
8712
8712
8711
8710
8710
8710
8708
8707
8705
8704
8701
8700
8699
8693
8693
8693
8693
8692
8692
8687
8686
8686
8685
8685
8685
8681
8681
8681
8679
8678
8678
8677
8677
8676
8673
8672
8672
8672
8671
8670
8669
8666
8663
8661
8660
8659
8659
8656
8655
8654
8651
8649
8648
8646
8645
8643
8641
8640
8639
8638
8637
8637
8634
8632
8631
8629
8628
8628
8626
8626
8626
8625
8625
8625
8625
8624
8624
8622
8621
8621
8621
8619
8619
8619
8618
8617
8616
8616
8616
8611
8609
8607
8607
8607
8606
8605
8605
8604
8604
8604
8604
8602
8600
8598
8598
8597
8597
8597
8597
8597
8596
8596
8594
8594
8592
8591
8589
8588
8588
8588
8586
8584
8583
8579
8579
8579
8577
8575
8574
8573
8571
8570
8569
8566
8565
8563
8562
8562
8562
8561
8561
8559
8558
8558
8558
8557
8556
8556
8555
8553
8553
8552
8552
8549
8549
8548
8547
8546
8546
8545
8543
8542
8540
8538
8537
8537
8536
8535
8533
8533
8530
8529
8529
8529
8526
8526
8525
8525
8524
8523
8522
8522
8521
8519
8516
8512
8512
8511
8510
8510
8508
8508
8503
8503
8503
8502
8501
8500
8499
8498
8497
8496
8495
8493
8493
8493
8492
8492
8491
8491
8490
8490
8490
8490
8489
8488
8487
8485
8484
8483
8482
8482
8479
8477
8476
8475
8472
8467
8467
8467
8464
8463
8462
8461
8461
8460
8460
8458
8456
8455
8455
8455
8452
8447
8444
8444
8443
8441
8440
8439
8437
8435
8435
8433
8431
8431
8430
8429
8429
8429
8427
8425
8425
8424
8424
8424
8423
8423
8423
8423
8422
8421
8418
8418
8418
8416
8416
8415
8414
8413
8413
8413
8411
8411
8410
8410
8410
8408
8408
8406
8402
8400
8397
8397
8396
8396
8393
8393
8393
8392
8392
8392
8391
8390
8390
8389
8389
8387
8387
8387
8387
8387
8386
8383
8383
8383
8381
8380
8379
8378
8378
8372
8370
8370
8369
8369
8367
8366
8366
8365
8362
8362
8362
8362
8361
8360
8359
8358
8358
8358
8355
8354
8354
8354
8353
8353
8353
8352
8351
8351
8350
8348
8344
8344
8344
8343
8342
8339
8339
8337
8337
8337
8336
8335
8334
8334
8332
8332
8332
8332
8328
8327
8327
8327
8326
8326
8326
8326
8326
8324
8323
8323
8323
8323
8322
8322
8321
8320
8318
8316
8311
8309
8307
8307
8306
8305
8304
8304
8303
8302
8301
8301
8301
8299
8299
8298
8297
8297
8295
8294
8294
8294
8292
8292
8291
8289
8289
8288
8287
8285
8285
8283
8282
8282
8279
8278
8273
8273
8272
8270
8270
8270
8263
8262
8260
8258
8256
8256
8255
8255
8255
8253
8251
8251
8251
8251
8250
8250
8250
8249
8248
8248
8243
8240
8240
8239
8238
8237
8236
8235
8229
8227
8222
8221
8220
8218
8218
8218
8217
8215
8215
8214
8214
8214
8214
8214
8213
8212
8211
8211
8211
8211
8210
8206
8205
8203
8202
8201
8201
8201
8200
8198
8197
8195
8192
8192
8190
8188
8188
8187
8187
8186
8185
8184
8184
8183
8182
8179
8179
8177
8174
8173
8173
8172
8172
8171
8170
8170
8169
8168
8167
8166
8166
8164
8164
8164
8164
8162
8162
8161
8159
8159
8157
8156
8156
8156
8155
8154
8154
8153
8152
8152
8152
8147
8143
8141
8141
8140
8140
8139
8139
8138
8138
8136
8134
8134
8133
8133
8131
8131
8129
8127
8126
8126
8126
8125
8122
8119
8119
8116
8111
8111
8110
8110
8109
8107
8104
8104
8103
8101
8100
8099
8098
8097
8096
8095
8093
8087
8086
8086
8083
8082
8081
8080
8080
8078
8077
8072
8072
8066
8065
8064
8062
8062
8061
8060
8059
8058
8053
8052
8051
8051
8049
8049
8048
8047
8047
8045
8043
8043
8042
8042
8040
8039
8039
8038
8038
8038
8037
8037
8037
8036
8035
8032
8031
8030
8029
8027
8027
8026
8026
8023
8022
8022
8021
8018
8017
8014
8010
8007
8005
8004
8001
8000
7998
7997
7997
7996
7995
7993
7992
7992
7991
7991
7988
7988
7988
7988
7987
7986
7985
7984
7984
7983
7983
7983
7982
7981
7979
7978
7978
7978
7978
7977
7977
7976
7974
7974
7974
7973
7973
7972
7971
7971
7970
7970
7969
7969
7966
7966
7965
7962
7962
7960
7959
7958
7957
7956
7955
7954
7953
7953
7953
7952
7950
7948
7947
7947
7946
7946
7945
7944
7944
7943
7943
7940
7938
7936
7936
7936
7935
7935
7933
7933
7932
7932
7930
7930
7929
7928
7927
7926
7925
7923
7922
7921
7921
7920
7919
7918
7917
7917
7914
7913
7910
7910
7910
7908
7907
7907
7904
7903
7902
7900
7899
7897
7897
7897
7895
7894
7894
7892
7892
7891
7890
7890
7890
7890
7889
7889
7889
7888
7886
7883
7882
7881
7880
7877
7874
7874
7873
7872
7872
7871
7870
7868
7863
7860
7860
7859
7859
7859
7858
7858
7858
7856
7856
7851
7851
7851
7850
7849
7847
7846
7845
7844
7843
7842
7842
7842
7842
7841
7840
7839
7838
7838
7837
7837
7835
7834
7833
7831
7829
7828
7828
7825
7825
7824
7823
7819
7818
7816
7816
7815
7814
7814
7814
7814
7813
7812
7812
7810
7810
7810
7809
7809
7809
7805
7805
7805
7803
7803
7802
7800
7798
7797
7797
7797
7796
7794
7794
7794
7792
7791
7791
7790
7789
7787
7786
7785
7783
7781
7778
7777
7776
7776
7776
7775
7775
7775
7774
7773
7773
7771
7771
7771
7770
7768
7766
7766
7766
7764
7763
7762
7760
7760
7760
7759
7758
7754
7752
7750
7748
7746
7746
7745
7745
7743
7743
7742
7739
7736
7736
7736
7735
7732
7732
7731
7730
7729
7728
7728
7727
7727
7727
7727
7725
7725
7723
7722
7722
7720
7720
7716
7716
7716
7712
7708
7708
7707
7706
7706
7703
7703
7702
7701
7701
7700
7699
7699
7698
7698
7698
7696
7694
7694
7693
7692
7691
7690
7689
7689
7687
7687
7684
7684
7682
7681
7680
7679
7676
7676
7675
7674
7674
7674
7673
7672
7671
7670
7669
7669
7667
7664
7662
7662
7661
7661
7658
7657
7655
7655
7654
7654
7653
7653
7653
7652
7651
7650
7649
7646
7645
7644
7644
7644
7643
7640
7636
7635
7635
7631
7630
7628
7628
7628
7626
7624
7624
7623
7623
7621
7619
7618
7616
7616
7615
7613
7613
7612
7612
7611
7610
7609
7606
7606
7606
7606
7604
7602
7601
7601
7599
7599
7598
7598
7598
7596
7596
7594
7593
7592
7591
7591
7589
7589
7588
7583
7583
7582
7581
7578
7578
7575
7575
7574
7573
7573
7572
7572
7571
7571
7571
7570
7570
7569
7569
7569
7568
7567
7567
7567
7566
7564
7564
7562
7562
7562
7556
7556
7555
7555
7555
7555
7554
7553
7549
7548
7548
7548
7547
7546
7545
7545
7542
7542
7540
7538
7537
7537
7536
7536
7534
7533
7532
7531
7530
7529
7529
7529
7525
7525
7525
7524
7521
7521
7520
7519
7519
7517
7517
7517
7517
7516
7514
7514
7514
7514
7512
7511
7510
7510
7510
7509
7508
7506
7506
7505
7499
7498
7497
7496
7496
7495
7493
7492
7490
7490
7485
7484
7482
7482
7479
7479
7476
7475
7475
7474
7472
7472
7471
7471
7470
7467
7464
7464
7463
7462
7461
7460
7460
7459
7458
7457
7456
7455
7455
7454
7454
7452
7452
7451
7451
7451
7451
7450
7450
7450
7449
7449
7448
7447
7447
7447
7446
7446
7444
7442
7440
7437
7437
7436
7435
7435
7434
7434
7433
7430
7429
7429
7428
7428
7428
7427
7427
7427
7426
7421
7421
7421
7421
7420
7420
7416
7414
7413
7413
7413
7413
7412
7411
7410
7409
7409
7408
7407
7407
7407
7406
7406
7405
7405
7405
7404
7403
7401
7400
7398
7395
7395
7394
7394
7393
7392
7391
7391
7389
7389
7388
7388
7388
7387
7386
7385
7384
7384
7383
7383
7382
7380
7380
7379
7378
7378
7377
7375
7372
7368
7367
7364
7363
7363
7363
7363
7362
7361
7361
7361
7359
7359
7358
7358
7356
7355
7353
7350
7345
7345
7345
7345
7344
7344
7343
7342
7342
7341
7338
7337
7337
7335
7334
7331
7330
7330
7329
7329
7328
7328
7324
7319
7319
7317
7317
7317
7316
7316
7315
7315
7315
7314
7314
7313
7313
7312
7311
7310
7310
7309
7309
7308
7307
7307
7307
7307
7306
7304
7302
7300
7299
7298
7297
7296
7293
7293
7292
7292
7288
7287
7287
7286
7286
7285
7284
7283
7283
7281
7279
7277
7274
7274
7274
7273
7272
7271
7270
7269
7268
7268
7268
7268
7266
7266
7265
7264
7264
7262
7261
7259
7258
7257
7256
7256
7253
7252
7251
7251
7249
7248
7248
7246
7245
7245
7243
7243
7243
7243
7241
7240
7240
7239
7236
7236
7235
7234
7233
7233
7231
7230
7229
7228
7228
7226
7224
7223
7223
7222
7220
7219
7219
7218
7216
7215
7214
7213
7211
7209
7209
7207
7206
7206
7204
7204
7198
7197
7196
7196
7193
7192
7192
7188
7186
7185
7185
7185
7185
7184
7183
7182
7180
7177
7176
7176
7176
7175
7172
7169
7168
7167
7167
7166
7166
7166
7165
7165
7165
7163
7162
7162
7161
7159
7158
7157
7156
7155
7153
7153
7152
7152
7151
7150
7150
7146
7145
7145
7145
7144
7143
7143
7143
7139
7139
7139
7138
7137
7137
7135
7134
7134
7133
7133
7129
7128
7127
7127
7123
7123
7121
7120
7120
7118
7117
7116
7116
7115
7114
7114
7113
7113
7113
7112
7111
7110
7109
7107
7105
7105
7104
7102
7101
7101
7100
7100
7098
7098
7098
7098
7097
7095
7094
7094
7093
7093
7092
7091
7089
7088
7088
7088
7086
7086
7086
7086
7085
7084
7083
7082
7082
7078
7078
7075
7075
7074
7073
7072
7072
7071
7071
7069
7069
7068
7068
7066
7066
7064
7062
7062
7061
7061
7061
7058
7057
7056
7056
7056
7054
7052
7050
7050
7050
7049
7047
7047
7047
7043
7042
7041
7039
7037
7037
7037
7036
7036
7035
7034
7034
7033
7032
7029
7028
7028
7027
7025
7025
7025
7024
7024
7023
7022
7021
7021
7019
7016
7016
7013
7012
7012
7011
7011
7010
7010
7009
7008
7007
7006
7005
7005
7004
7003
7003
7003
7000
7000
6999
6998
6996
6995
6992
6991
6991
6990
6989
6988
6987
6987
6985
6982
6981
6980
6980
6978
6978
6977
6976
6975
6975
6973
6972
6972
6972
6971
6971
6970
6969
6969
6967
6967
6967
6966
6966
6966
6965
6964
6963
6961
6960
6960
6959
6959
6959
6958
6958
6957
6957
6955
6954
6951
6948
6948
6947
6947
6946
6944
6944
6944
6941
6938
6937
6937
6937
6936
6935
6933
6932
6931
6931
6930
6929
6929
6927
6926
6921
6921
6919
6918
6918
6915
6913
6910
6910
6910
6909
6908
6907
6907
6907
6906
6906
6904
6904
6903
6901
6898
6895
6895
6894
6893
6893
6891
6890
6886
6884
6884
6884
6880
6879
6878
6876
6876
6875
6875
6875
6874
6873
6873
6873
6870
6869
6868
6868
6867
6867
6867
6866
6864
6864
6863
6863
6861
6860
6859
6859
6858
6856
6855
6855
6852
6852
6850
6849
6849
6848
6848
6847
6845
6844
6842
6842
6841
6840
6840
6837
6836
6836
6835
6834
6834
6834
6833
6832
6831
6831
6830
6829
6827
6824
6821
6818
6815
6813
6812
6808
6808
6808
6807
6807
6806
6803
6803
6796
6795
6794
6793
6792
6790
6789
6788
6788
6788
6786
6786
6784
6784
6782
6781
6780
6780
6779
6778
6777
6777
6776
6775
6775
6774
6773
6772
6771
6771
6771
6768
6766
6766
6766
6766
6765
6763
6761
6761
6760
6757
6755
6751
6750
6746
6746
6745
6743
6743
6741
6741
6741
6738
6738
6737
6737
6734
6732
6732
6730
6730
6730
6730
6730
6728
6728
6727
6727
6726
6725
6724
6724
6721
6717
6717
6715
6713
6712
6711
6710
6710
6710
6710
6709
6709
6708
6707
6707
6707
6707
6706
6705
6705
6704
6704
6703
6702
6700
6700
6698
6697
6697
6697
6697
6696
6696
6696
6695
6693
6693
6692
6689
6688
6687
6687
6685
6684
6680
6680
6679
6678
6678
6677
6676
6675
6674
6673
6673
6670
6667
6666
6665
6664
6664
6664
6662
6661
6660
6660
6659
6659
6658
6657
6655
6654
6653
6653
6651
6650
6649
6648
6647
6647
6647
6646
6646
6646
6645
6644
6642
6641
6641
6641
6639
6638
6638
6638
6637
6636
6635
6635
6633
6630
6627
6625
6621
6621
6620
6620
6618
6618
6615
6615
6615
6613
6613
6613
6610
6608
6607
6606
6605
6603
6602
6602
6602
6602
6598
6597
6596
6595
6593
6590
6590
6590
6589
6588
6588
6587
6587
6585
6585
6585
6582
6580
6579
6577
6577
6576
6575
6575
6575
6574
6574
6572
6572
6571
6571
6569
6568
6567
6567
6566
6566
6565
6565
6565
6563
6562
6562
6562
6561
6561
6558
6556
6555
6554
6551
6550
6548
6545
6545
6544
6542
6541
6540
6539
6538
6537
6535
6534
6530
6530
6528
6526
6525
6523
6522
6518
6518
6518
6517
6517
6516
6516
6514
6514
6514
6513
6512
6511
6509
6507
6507
6507
6507
6506
6506
6505
6504
6503
6501
6501
6500
6499
6499
6498
6495
6495
6495
6494
6494
6492
6492
6492
6492
6491
6490
6489
6487
6486
6486
6484
6484
6483
6483
6482
6481
6480
6480
6476
6476
6475
6474
6473
6472
6472
6471
6469
6468
6468
6465
6464
6464
6462
6462
6461
6460
6460
6458
6458
6458
6457
6455
6455
6454
6452
6449
6445
6444
6443
6443
6442
6442
6440
6439
6439
6436
6436
6432
6431
6431
6430
6429
6427
6426
6425
6425
6424
6423
6423
6423
6422
6420
6420
6419
6419
6418
6417
6415
6415
6414
6413
6413
6413
6413
6412
6411
6411
6409
6409
6408
6406
6405
6402
6401
6400
6400
6400
6398
6397
6397
6396
6395
6393
6392
6392
6389
6389
6388
6387
6386
6385
6384
6384
6384
6383
6381
6380
6380
6379
6377
6377
6376
6376
6374
6371
6371
6369
6368
6367
6367
6366
6364
6364
6363
6363
6362
6361
6358
6358
6357
6357
6356
6355
6355
6354
6354
6352
6351
6348
6346
6345
6345
6345
6341
6341
6339
6339
6339
6337
6336
6334
6332
6332
6331
6331
6328
6328
6328
6327
6327
6327
6324
6321
6321
6320
6320
6319
6318
6315
6312
6312
6312
6308
6308
6306
6305
6305
6304
6303
6302
6298
6297
6297
6297
6297
6296
6295
6292
6291
6290
6290
6286
6285
6284
6282
6282
6280
6280
6279
6278
6277
6276
6275
6273
6272
6271
6271
6270
6270
6269
6268
6263
6263
6261
6260
6258
6257
6257
6257
6256
6254
6253
6253
6252
6251
6251
6250
6249
6249
6249
6247
6246
6244
6244
6243
6241
6241
6240
6239
6238
6235
6234
6234
6233
6233
6232
6232
6232
6231
6230
6229
6228
6226
6224
6223
6223
6223
6222
6222
6220
6220
6220
6219
6219
6218
6218
6217
6216
6216
6216
6215
6214
6214
6213
6212
6211
6211
6210
6210
6210
6209
6209
6208
6205
6205
6204
6204
6203
6203
6197
6197
6195
6195
6195
6194
6193
6192
6191
6187
6187
6187
6186
6186
6185
6184
6184
6182
6182
6181
6177
6176
6176
6171
6170
6170
6169
6169
6168
6164
6164
6162
6162
6162
6162
6161
6161
6159
6158
6157
6157
6156
6156
6155
6154
6154
6153
6152
6151
6150
6150
6150
6150
6149
6147
6146
6145
6144
6144
6143
6142
6142
6139
6138
6137
6136
6136
6134
6134
6134
6130
6129
6129
6127
6125
6125
6125
6124
6123
6122
6121
6119
6118
6117
6116
6116
6115
6115
6115
6114
6114
6113
6113
6113
6112
6111
6109
6108
6107
6106
6106
6106
6105
6105
6104
6104
6103
6103
6103
6102
6102
6098
6096
6095
6095
6094
6093
6093
6093
6092
6091
6091
6090
6089
6087
6087
6086
6085
6085
6084
6083
6081
6080
6079
6078
6076
6076
6075
6075
6071
6070
6069
6068
6068
6064
6064
6060
6056
6053
6049
6049
6047
6046
6045
6045
6045
6044
6044
6044
6043
6043
6041
6040
6039
6039
6037
6035
6034
6030
6030
6029
6027
6024
6023
6023
6023
6022
6021
6021
6020
6019
6019
6018
6017
6017
6017
6016
6016
6015
6014
6012
6012
6012
6010
6010
6008
6006
6006
6004
6004
6003
6002
6001
6000
5999
5999
5999
5998
5998
5996
5996
5995
5995
5994
5994
5991
5991
5990
5989
5989
5989
5989
5988
5987
5987
5986
5984
5983
5980
5980
5979
5979
5977
5977
5976
5975
5974
5972
5972
5971
5971
5966
5965
5964
5963
5963
5962
5960
5959
5957
5957
5957
5952
5951
5951
5950
5949
5949
5947
5945
5945
5944
5944
5942
5942
5940
5940
5939
5938
5938
5938
5937
5936
5935
5935
5934
5932
5931
5931
5930
5930
5930
5929
5929
5927
5927
5924
5924
5922
5921
5921
5917
5916
5915
5915
5913
5912
5912
5911
5909
5908
5906
5906
5906
5905
5904
5904
5902
5900
5900
5898
5895
5891
5891
5890
5890
5889
5885
5885
5883
5880
5879
5877
5876
5874
5874
5874
5873
5870
5868
5868
5867
5865
5863
5863
5861
5859
5856
5855
5855
5851
5851
5849
5848
5847
5846
5845
5844
5844
5843
5843
5840
5838
5838
5837
5835
5835
5835
5832
5831
5829
5829
5823
5822
5821
5820
5820
5819
5818
5818
5817
5817
5817
5816
5814
5813
5813
5812
5812
5810
5810
5807
5805
5805
5803
5801
5801
5800
5798
5797
5796
5795
5794
5793
5792
5789
5785
5785
5785
5785
5785
5782
5781
5780
5778
5778
5778
5777
5777
5776
5775
5773
5773
5770
5770
5767
5765
5765
5764
5764
5764
5763
5763
5762
5757
5757
5757
5757
5756
5754
5753
5752
5752
5750
5750
5747
5747
5745
5744
5743
5743
5742
5741
5739
5738
5736
5735
5733
5733
5732
5732
5731
5731
5731
5728
5728
5727
5727
5726
5726
5724
5720
5717
5717
5716
5715
5712
5712
5711
5711
5710
5708
5708
5708
5707
5706
5704
5703
5703
5702
5702
5698
5698
5697
5697
5695
5695
5695
5691
5690
5687
5685
5684
5684
5683
5683
5682
5682
5680
5679
5678
5678
5676
5675
5673
5673
5672
5672
5671
5670
5669
5669
5668
5668
5668
5667
5667
5666
5664
5664
5663
5661
5661
5659
5657
5656
5654
5654
5654
5654
5654
5654
5654
5653
5652
5652
5650
5649
5647
5647
5645
5643
5640
5639
5639
5638
5636
5635
5635
5635
5634
5634
5634
5634
5633
5632
5631
5631
5631
5631
5630
5630
5629
5629
5628
5628
5626
5625
5625
5625
5625
5624
5623
5623
5622
5619
5618
5618
5615
5615
5613
5611
5610
5608
5604
5601
5601
5600
5599
5599
5598
5598
5597
5597
5597
5594
5594
5593
5592
5591
5591
5588
5585
5585
5585
5583
5581
5579
5579
5579
5578
5578
5577
5577
5576
5574
5573
5573
5573
5572
5572
5571
5571
5570
5570
5565
5564
5564
5563
5563
5562
5561
5559
5558
5558
5557
5557
5556
5553
5553
5552
5552
5551
5551
5548
5547
5547
5547
5546
5544
5543
5542
5542
5542
5542
5540
5540
5540
5540
5538
5538
5537
5537
5537
5535
5534
5531
5531
5529
5528
5527
5525
5524
5524
5524
5524
5523
5522
5521
5521
5521
5521
5519
5517
5517
5517
5516
5514
5513
5513
5512
5512
5508
5507
5506
5506
5506
5506
5505
5505
5501
5500
5500
5498
5498
5496
5496
5496
5496
5495
5494
5493
5492
5492
5492
5492
5491
5491
5490
5488
5487
5487
5487
5486
5486
5485
5482
5481
5481
5479
5476
5475
5475
5475
5474
5473
5469
5469
5468
5467
5466
5465
5464
5461
5461
5461
5459
5459
5459
5455
5455
5455
5453
5453
5452
5452
5449
5449
5448
5448
5446
5445
5445
5444
5442
5441
5441
5440
5440
5440
5439
5438
5438
5438
5436
5431
5429
5427
5427
5424
5423
5422
5420
5419
5418
5418
5417
5416
5416
5415
5411
5410
5409
5408
5406
5404
5404
5401
5399
5399
5398
5398
5398
5396
5395
5395
5392
5391
5389
5389
5389
5387
5387
5387
5387
5387
5386
5385
5384
5383
5382
5382
5381
5380
5379
5378
5378
5376
5376
5376
5375
5374
5374
5371
5370
5370
5368
5367
5366
5366
5364
5362
5361
5360
5359
5359
5355
5355
5354
5354
5352
5351
5351
5350
5350
5350
5350
5350
5347
5346
5346
5346
5346
5345
5345
5345
5345
5344
5343
5343
5342
5341
5341
5341
5340
5340
5340
5339
5337
5335
5335
5333
5332
5331
5331
5329
5327
5326
5326
5324
5324
5323
5323
5321
5320
5317
5317
5316
5316
5315
5313
5313
5313
5313
5313
5313
5312
5312
5312
5310
5307
5307
5305
5305
5305
5304
5304
5304
5303
5303
5303
5303
5302
5301
5299
5299
5299
5297
5296
5296
5295
5294
5294
5292
5292
5292
5291
5290
5288
5288
5287
5287
5287
5285
5284
5282
5281
5280
5279
5278
5277
5275
5275
5274
5272
5271
5270
5266
5265
5264
5264
5263
5263
5260
5260
5259
5259
5257
5256
5256
5252
5250
5249
5249
5248
5247
5245
5245
5243
5243
5242
5242
5241
5240
5238
5237
5235
5233
5233
5231
5230
5230
5228
5228
5222
5222
5221
5221
5221
5221
5220
5219
5218
5216
5216
5215
5212
5211
5210
5210
5205
5204
5204
5204
5201
5201
5200
5200
5199
5199
5199
5198
5197
5197
5197
5195
5195
5195
5194
5193
5193
5192
5189
5189
5185
5185
5184
5184
5184
5184
5183
5183
5183
5181
5180
5180
5179
5178
5175
5172
5172
5171
5171
5170
5169
5166
5165
5164
5162
5161
5161
5160
5159
5159
5158
5157
5156
5155
5154
5154
5152
5151
5150
5150
5150
5149
5149
5149
5148
5148
5147
5146
5146
5144
5143
5143
5142
5140
5139
5139
5139
5138
5138
5136
5135
5134
5133
5133
5133
5131
5131
5129
5128
5128
5127
5126
5125
5125
5124
5124
5123
5122
5120
5119
5115
5114
5114
5114
5113
5110
5107
5107
5106
5106
5105
5105
5104
5104
5104
5103
5103
5103
5099
5099
5099
5097
5094
5094
5094
5094
5093
5091
5089
5085
5085
5085
5082
5080
5079
5076
5073
5072
5072
5072
5071
5068
5066
5066
5064
5064
5062
5062
5061
5060
5060
5060
5060
5059
5058
5058
5058
5056
5056
5056
5053
5052
5050
5050
5050
5049
5048
5047
5047
5046
5046
5046
5043
5043
5042
5042
5042
5042
5042
5041
5040
5040
5039
5038
5036
5035
5035
5034
5034
5034
5034
5033
5033
5029
5029
5028
5027
5026
5025
5025
5024
5024
5023
5022
5021
5021
5021
5021
5020
5019
5017
5017
5017
5016
5015
5015
5013
5012
5012
5012
5011
5010
5010
5010
5010
5009
5009
5007
5006
5006
5005
5002
5002
5002
5001
4999
4999
4997
4996
4994
4993
4989
4989
4988
4986
4985
4983
4981
4980
4979
4979
4978
4977
4976
4975
4974
4965
4965
4964
4963
4962
4961
4961
4961
4959
4958
4958
4957
4956
4954
4954
4953
4953
4952
4950
4949
4949
4949
4949
4948
4947
4946
4944
4944
4944
4943
4942
4942
4939
4938
4937
4934
4933
4932
4932
4930
4930
4929
4928
4927
4926
4926
4925
4919
4917
4916
4914
4914
4914
4913
4913
4911
4911
4911
4909
4907
4906
4904
4904
4902
4901
4900
4900
4899
4899
4898
4897
4897
4897
4895
4893
4891
4890
4889
4887
4886
4885
4885
4884
4881
4880
4880
4879
4878
4878
4877
4877
4877
4875
4875
4874
4873
4873
4872
4872
4871
4869
4869
4868
4867
4867
4864
4864
4864
4863
4861
4859
4857
4854
4854
4852
4850
4847
4845
4841
4839
4839
4839
4837
4835
4834
4832
4831
4829
4828
4828
4827
4826
4825
4825
4825
4823
4823
4823
4822
4820
4819
4817
4815
4813
4812
4811
4808
4808
4808
4807
4807
4806
4803
4801
4799
4799
4798
4797
4795
4794
4794
4794
4793
4792
4792
4791
4790
4787
4787
4787
4785
4783
4783
4783
4781
4780
4778
4778
4777
4776
4775
4775
4774
4773
4771
4770
4769
4769
4769
4767
4767
4766
4765
4764
4764
4763
4763
4762
4761
4760
4758
4758
4756
4756
4756
4754
4752
4751
4751
4750
4749
4744
4744
4743
4740
4739
4738
4738
4737
4737
4737
4737
4736
4735
4735
4734
4733
4733
4732
4729
4729
4727
4726
4725
4725
4723
4723
4722
4721
4720
4718
4718
4717
4717
4715
4713
4713
4711
4710
4709
4708
4706
4703
4702
4700
4697
4697
4693
4692
4692
4691
4691
4687
4684
4682
4682
4681
4680
4680
4677
4677
4676
4675
4673
4673
4672
4671
4670
4670
4670
4668
4667
4666
4666
4664
4663
4662
4662
4661
4661
4660
4657
4654
4653
4652
4649
4649
4648
4645
4642
4641
4639
4639
4637
4636
4635
4634
4634
4633
4633
4631
4630
4629
4628
4628
4626
4626
4626
4625
4621
4617
4615
4613
4610
4610
4610
4609
4609
4606
4606
4604
4604
4603
4603
4602
4600
4598
4597
4596
4596
4595
4595
4594
4594
4593
4592
4591
4590
4590
4590
4587
4587
4586
4585
4583
4583
4581
4580
4579
4578
4578
4577
4577
4576
4573
4572
4572
4570
4569
4568
4566
4566
4566
4566
4565
4565
4565
4564
4564
4563
4563
4561
4560
4559
4559
4557
4557
4556
4556
4554
4554
4552
4550
4549
4549
4547
4546
4545
4543
4543
4541
4539
4536
4536
4536
4536
4535
4535
4535
4534
4530
4529
4529
4528
4528
4527
4527
4526
4525
4522
4521
4521
4521
4519
4519
4519
4519
4519
4519
4519
4516
4516
4514
4512
4510
4510
4510
4509
4509
4509
4509
4509
4508
4508
4508
4508
4508
4507
4506
4504
4504
4503
4503
4502
4501
4501
4499
4498
4497
4497
4494
4494
4494
4492
4492
4492
4492
4490
4488
4487
4486
4486
4485
4485
4484
4483
4482
4482
4481
4480
4479
4478
4478
4478
4478
4478
4477
4477
4476
4475
4475
4474
4473
4472
4469
4469
4469
4469
4468
4467
4463
4463
4463
4460
4460
4459
4459
4459
4459
4458
4458
4458
4456
4455
4455
4455
4454
4454
4454
4454
4453
4453
4452
4452
4452
4449
4449
4448
4448
4446
4446
4445
4444
4444
4443
4442
4441
4440
4439
4438
4437
4435
4435
4435
4434
4433
4432
4430
4430
4429
4429
4428
4427
4426
4422
4421
4420
4420
4420
4417
4415
4414
4413
4412
4410
4408
4406
4406
4403
4403
4403
4401
4400
4400
4399
4399
4398
4398
4397
4396
4395
4393
4389
4389
4389
4386
4385
4385
4385
4384
4384
4384
4384
4383
4382
4381
4381
4380
4377
4375
4374
4373
4372
4371
4371
4371
4370
4369
4369
4369
4368
4367
4366
4365
4364
4362
4362
4361
4361
4358
4358
4357
4357
4354
4354
4354
4352
4349
4349
4347
4346
4346
4343
4343
4343
4342
4341
4340
4340
4340
4336
4336
4335
4334
4330
4329
4326
4326
4325
4324
4323
4322
4322
4319
4319
4316
4316
4314
4312
4310
4309
4309
4308
4306
4306
4306
4302
4301
4301
4300
4300
4296
4296
4296
4295
4294
4293
4292
4292
4291
4290
4290
4289
4289
4287
4284
4284
4281
4279
4279
4278
4277
4276
4275
4275
4273
4273
4273
4272
4272
4271
4270
4267
4265
4261
4261
4260
4255
4254
4254
4254
4253
4251
4249
4247
4247
4247
4246
4246
4246
4245
4243
4243
4243
4240
4239
4237
4235
4235
4233
4232
4231
4231
4227
4226
4225
4225
4224
4224
4223
4223
4222
4221
4220
4219
4218
4218
4218
4217
4217
4216
4216
4215
4215
4214
4212
4211
4209
4209
4209
4209
4208
4207
4207
4207
4206
4206
4205
4205
4204
4203
4203
4200
4200
4199
4198
4198
4196
4195
4194
4194
4194
4193
4193
4193
4192
4190
4189
4189
4187
4186
4186
4185
4183
4183
4182
4182
4182
4179
4178
4178
4177
4176
4176
4176
4175
4174
4173
4173
4173
4173
4170
4169
4169
4168
4168
4167
4167
4166
4166
4166
4166
4164
4163
4163
4162
4160
4159
4159
4158
4158
4158
4156
4156
4155
4154
4152
4151
4150
4150
4149
4148
4148
4146
4146
4145
4145
4145
4144
4144
4144
4144
4143
4142
4142
4141
4140
4139
4137
4136
4133
4133
4133
4133
4132
4132
4132
4130
4129
4129
4128
4128
4125
4123
4122
4120
4119
4118
4116
4116
4114
4114
4107
4106
4106
4106
4105
4103
4102
4102
4100
4100
4098
4097
4096
4096
4096
4095
4094
4094
4091
4090
4090
4089
4089
4087
4086
4084
4083
4082
4082
4081
4081
4081
4080
4079
4078
4077
4075
4073
4072
4072
4070
4069
4068
4068
4068
4068
4066
4065
4065
4064
4064
4062
4062
4062
4059
4052
4052
4051
4048
4048
4047
4043
4040
4036
4035
4035
4034
4034
4033
4033
4032
4032
4031
4030
4029
4028
4028
4026
4024
4023
4020
4018
4017
4016
4014
4014
4014
4013
4012
4011
4011
4010
4009
4008
4006
4006
4005
4005
4000
4000
3998
3996
3996
3996
3996
3995
3994
3994
3991
3990
3990
3990
3988
3987
3984
3983
3982
3982
3980
3978
3977
3975
3975
3973
3972
3972
3972
3971
3970
3970
3969
3969
3966
3964
3964
3963
3962
3961
3961
3959
3956
3956
3955
3954
3953
3952
3951
3950
3949
3949
3948
3948
3948
3946
3946
3943
3942
3942
3941
3941
3940
3939
3938
3935
3934
3933
3932
3932
3931
3931
3931
3931
3930
3930
3930
3928
3927
3926
3926
3926
3924
3924
3924
3922
3921
3920
3918
3918
3918
3918
3917
3916
3915
3915
3914
3913
3912
3910
3909
3908
3908
3907
3906
3905
3905
3903
3902
3901
3899
3899
3898
3897
3896
3895
3894
3893
3892
3890
3889
3888
3885
3884
3880
3879
3875
3875
3874
3874
3873
3873
3872
3871
3870
3870
3869
3865
3864
3860
3858
3857
3856
3855
3855
3853
3852
3848
3845
3845
3844
3843
3841
3841
3837
3836
3836
3835
3835
3834
3833
3833
3832
3832
3832
3831
3830
3829
3829
3828
3827
3825
3824
3823
3822
3821
3821
3820
3818
3816
3814
3811
3810
3810
3809
3807
3804
3804
3802
3802
3798
3798
3797
3797
3797
3797
3796
3796
3795
3794
3794
3794
3794
3793
3793
3790
3789
3788
3788
3787
3786
3786
3784
3782
3780
3780
3779
3777
3777
3776
3776
3775
3774
3773
3772
3772
3771
3768
3767
3762
3760
3759
3759
3759
3758
3755
3755
3753
3752
3751
3751
3749
3749
3749
3747
3744
3744
3744
3743
3743
3742
3740
3739
3738
3738
3737
3737
3737
3737
3737
3735
3735
3735
3734
3734
3734
3732
3731
3730
3729
3729
3728
3728
3726
3724
3724
3724
3723
3723
3723
3723
3722
3721
3721
3720
3720
3719
3715
3714
3714
3712
3712
3712
3711
3711
3710
3709
3708
3708
3706
3706
3703
3703
3702
3702
3701
3700
3699
3697
3697
3696
3694
3694
3691
3691
3691
3691
3689
3688
3687
3685
3685
3684
3682
3681
3677
3675
3675
3674
3674
3672
3664
3664
3662
3661
3660
3660
3659
3659
3659
3659
3658
3656
3656
3655
3654
3653
3653
3653
3653
3650
3649
3648
3647
3647
3646
3645
3642
3641
3641
3641
3640
3638
3633
3631
3631
3631
3628
3628
3626
3626
3623
3622
3621
3620
3617
3617
3615
3613
3612
3611
3610
3607
3606
3606
3605
3604
3604
3604
3604
3604
3604
3602
3601
3600
3600
3600
3599
3599
3597
3596
3595
3595
3595
3595
3593
3593
3592
3592
3591
3590
3588
3588
3585
3584
3583
3582
3581
3580
3579
3578
3578
3578
3577
3574
3573
3573
3571
3570
3569
3569
3568
3568
3567
3566
3565
3564
3562
3561
3560
3560
3560
3558
3555
3555
3552
3552
3551
3551
3550
3548
3547
3546
3545
3544
3544
3544
3542
3542
3542
3541
3540
3540
3539
3538
3537
3536
3534
3533
3533
3532
3531
3531
3530
3529
3527
3526
3524
3524
3524
3522
3522
3522
3520
3519
3519
3516
3515
3513
3513
3512
3509
3506
3505
3504
3504
3504
3504
3503
3502
3502
3502
3500
3498
3498
3497
3496
3496
3496
3494
3493
3492
3491
3489
3488
3488
3486
3486
3485
3484
3483
3483
3482
3482
3482
3480
3477
3476
3475
3475
3475
3475
3474
3473
3470
3469
3469
3469
3469
3469
3467
3467
3467
3466
3465
3464
3462
3462
3461
3461
3460
3460
3459
3459
3457
3455
3455
3453
3452
3451
3449
3449
3448
3446
3446
3444
3444
3444
3444
3443
3443
3442
3442
3441
3440
3439
3438
3438
3436
3434
3434
3433
3432
3432
3431
3428
3427
3427
3421
3420
3417
3417
3416
3415
3414
3413
3412
3411
3410
3410
3410
3410
3409
3408
3408
3407
3407
3406
3406
3404
3401
3401
3399
3396
3396
3394
3393
3389
3387
3386
3386
3385
3384
3383
3382
3382
3380
3376
3375
3368
3368
3367
3367
3367
3366
3365
3364
3363
3362
3360
3360
3359
3357
3357
3357
3357
3356
3355
3355
3350
3350
3348
3347
3346
3344
3343
3343
3340
3337
3337
3337
3336
3336
3335
3334
3333
3333
3328
3328
3326
3325
3325
3324
3324
3323
3323
3321
3321
3318
3318
3317
3317
3317
3316
3316
3315
3312
3310
3308
3308
3307
3305
3302
3301
3301
3300
3299
3299
3298
3298
3297
3297
3296
3296
3296
3294
3292
3290
3288
3288
3285
3285
3283
3282
3281
3281
3281
3280
3277
3276
3275
3273
3273
3271
3271
3268
3268
3267
3266
3265
3265
3265
3261
3260
3260
3259
3259
3257
3257
3256
3255
3251
3250
3249
3248
3248
3248
3247
3246
3246
3245
3244
3244
3244
3243
3241
3241
3241
3238
3238
3238
3236
3234
3234
3230
3229
3228
3227
3226
3226
3226
3226
3224
3224
3223
3222
3221
3221
3220
3220
3217
3216
3216
3215
3215
3214
3213
3213
3212
3206
3205
3201
3201
3200
3198
3197
3196
3196
3195
3195
3194
3193
3193
3191
3190
3190
3190
3188
3186
3184
3178
3178
3178
3176
3176
3175
3175
3172
3172
3171
3171
3170
3169
3169
3169
3168
3166
3165
3165
3162
3160
3159
3159
3157
3155
3153
3152
3152
3151
3151
3151
3149
3148
3147
3147
3146
3146
3146
3145
3143
3143
3141
3139
3138
3138
3138
3137
3136
3136
3136
3135
3135
3132
3132
3132
3129
3128
3127
3125
3125
3123
3121
3121
3114
3114
3112
3112
3111
3111
3110
3109
3106
3105
3105
3104
3104
3104
3103
3102
3102
3102
3099
3099
3098
3097
3096
3095
3094
3093
3093
3091
3091
3091
3090
3089
3088
3088
3083
3078
3075
3075
3075
3073
3072
3071
3070
3069
3068
3066
3065
3063
3063
3063
3061
3060
3060
3059
3057
3057
3057
3056
3056
3055
3054
3053
3052
3051
3050
3049
3049
3049
3049
3048
3048
3044
3044
3043
3041
3041
3040
3039
3036
3036
3034
3034
3033
3033
3031
3031
3030
3028
3027
3027
3027
3025
3024
3024
3020
3020
3019
3019
3018
3017
3017
3017
3017
3016
3016
3016
3015
3013
3012
3012
3010
3009
3007
3006
3006
3006
3002
3001
2998
2998
2998
2998
2997
2995
2995
2995
2994
2993
2993
2990
2990
2989
2987
2987
2987
2987
2985
2985
2980
2979
2978
2977
2976
2976
2975
2974
2974
2974
2970
2968
2965
2964
2964
2963
2962
2961
2960
2960
2959
2958
2958
2957
2956
2954
2954
2953
2953
2952
2952
2952
2952
2950
2949
2948
2946
2945
2942
2941
2941
2940
2939
2939
2936
2936
2935
2935
2935
2934
2932
2932
2931
2929
2929
2928
2928
2928
2928
2926
2926
2925
2925
2925
2924
2922
2921
2920
2919
2919
2918
2918
2917
2917
2917
2915
2913
2913
2913
2911
2911
2910
2907
2907
2906
2905
2904
2901
2901
2901
2900
2899
2898
2897
2894
2893
2893
2892
2892
2888
2886
2886
2883
2882
2881
2880
2880
2879
2878
2875
2874
2874
2872
2872
2870
2870
2869
2869
2867
2867
2865
2864
2864
2863
2863
2862
2860
2859
2857
2856
2856
2856
2855
2854
2853
2850
2849
2848
2848
2847
2847
2847
2844
2842
2841
2841
2840
2840
2837
2837
2837
2836
2835
2835
2833
2833
2831
2831
2829
2829
2828
2825
2824
2823
2821
2820
2818
2816
2813
2813
2812
2812
2811
2810
2810
2809
2808
2808
2806
2806
2806
2805
2805
2805
2804
2801
2801
2800
2798
2796
2796
2795
2795
2793
2792
2792
2792
2791
2791
2789
2788
2787
2786
2786
2786
2786
2785
2785
2784
2784
2783
2781
2780
2779
2778
2776
2771
2770
2770
2770
2770
2769
2768
2767
2765
2764
2764
2764
2760
2758
2757
2757
2756
2756
2752
2752
2751
2751
2750
2750
2750
2749
2748
2748
2748
2747
2743
2742
2741
2739
2739
2738
2738
2736
2735
2734
2732
2732
2732
2731
2729
2725
2724
2723
2722
2721
2721
2721
2720
2719
2719
2719
2717
2716
2715
2715
2715
2713
2713
2712
2712
2710
2709
2708
2706
2706
2703
2702
2698
2697
2697
2695
2694
2693
2692
2691
2690
2690
2690
2689
2689
2686
2683
2682
2682
2681
2679
2679
2679
2678
2676
2676
2676
2676
2674
2674
2673
2672
2672
2670
2670
2668
2667
2666
2665
2662
2662
2661
2660
2659
2659
2658
2657
2656
2654
2652
2651
2650
2649
2646
2646
2646
2646
2645
2643
2643
2642
2641
2640
2639
2635
2633
2632
2631
2629
2629
2629
2629
2629
2629
2627
2627
2627
2627
2626
2625
2623
2622
2621
2620
2620
2615
2615
2614
2614
2613
2613
2612
2612
2610
2610
2609
2608
2607
2607
2607
2607
2603
2603
2602
2601
2600
2598
2598
2595
2594
2594
2593
2593
2592
2592
2590
2589
2588
2588
2587
2586
2585
2584
2581
2580
2579
2577
2577
2577
2576
2574
2572
2572
2571
2570
2568
2568
2568
2568
2567
2565
2564
2563
2562
2562
2561
2561
2560
2560
2557
2556
2555
2554
2553
2550
2550
2550
2547
2546
2545
2541
2541
2540
2540
2537
2536
2535
2532
2531
2531
2531
2530
2530
2529
2528
2528
2526
2526
2525
2525
2524
2524
2523
2523
2523
2523
2522
2519
2519
2518
2517
2517
2517
2517
2517
2517
2515
2514
2512
2511
2510
2510
2509
2509
2509
2508
2508
2507
2502
2501
2500
2499
2497
2494
2493
2493
2492
2492
2492
2492
2492
2491
2490
2489
2489
2489
2488
2488
2486
2486
2485
2485
2482
2482
2481
2478
2478
2478
2478
2477
2477
2476
2474
2474
2474
2472
2472
2472
2469
2469
2468
2467
2467
2466
2465
2465
2463
2462
2461
2461
2460
2457
2455
2453
2451
2451
2451
2449
2449
2448
2448
2447
2446
2446
2442
2442
2440
2439
2438
2437
2436
2435
2435
2435
2435
2433
2431
2430
2429
2428
2428
2428
2426
2424
2424
2424
2422
2421
2419
2419
2419
2415
2414
2414
2413
2412
2411
2406
2403
2402
2400
2400
2398
2398
2397
2397
2396
2393
2392
2392
2391
2391
2391
2391
2391
2390
2389
2388
2386
2385
2382
2381
2379
2379
2377
2372
2367
2364
2364
2363
2363
2360
2359
2358
2357
2356
2356
2355
2355
2355
2353
2352
2352
2352
2351
2350
2349
2349
2348
2348
2347
2347
2346
2346
2344
2343
2343
2342
2342
2342
2339
2338
2338
2336
2334
2332
2332
2331
2331
2330
2329
2329
2329
2327
2327
2326
2326
2324
2322
2322
2321
2320
2319
2318
2318
2318
2317
2316
2316
2316
2316
2316
2316
2315
2313
2313
2311
2308
2307
2306
2306
2305
2304
2304
2302
2300
2300
2300
2299
2298
2297
2297
2296
2296
2296
2293
2293
2292
2291
2289
2289
2288
2287
2287
2286
2284
2283
2283
2281
2281
2279
2279
2278
2277
2277
2276
2275
2275
2275
2271
2271
2271
2270
2269
2268
2265
2265
2264
2264
2262
2262
2261
2261
2259
2259
2258
2257
2257
2256
2255
2255
2254
2253
2248
2248
2248
2248
2246
2246
2246
2245
2245
2243
2243
2243
2241
2240
2240
2239
2239
2238
2237
2237
2236
2235
2235
2235
2234
2233
2233
2231
2231
2230
2229
2229
2229
2228
2226
2225
2224
2223
2222
2222
2222
2221
2221
2219
2219
2218
2217
2216
2216
2216
2215
2213
2210
2210
2208
2206
2206
2205
2205
2205
2204
2204
2203
2201
2201
2201
2200
2199
2199
2198
2198
2196
2196
2195
2194
2193
2192
2191
2190
2186
2186
2182
2181
2181
2181
2181
2180
2180
2178
2177
2173
2172
2172
2172
2171
2170
2170
2170
2169
2169
2169
2169
2167
2165
2165
2163
2163
2163
2162
2161
2160
2160
2159
2157
2156
2156
2153
2152
2148
2147
2147
2146
2145
2144
2144
2142
2142
2140
2139
2138
2138
2136
2136
2135
2135
2134
2131
2131
2129
2128
2128
2126
2125
2124
2123
2122
2122
2122
2121
2121
2119
2117
2116
2115
2115
2115
2111
2111
2111
2110
2110
2109
2109
2108
2106
2105
2104
2104
2102
2102
2102
2101
2099
2096
2096
2095
2095
2094
2093
2093
2093
2091
2091
2088
2088
2085
2084
2083
2081
2080
2080
2078
2078
2077
2077
2076
2076
2075
2074
2074
2074
2073
2072
2071
2071
2071
2071
2070
2070
2068
2067
2066
2063
2062
2060
2060
2060
2060
2059
2058
2058
2058
2058
2058
2057
2056
2053
2052
2051
2051
2051
2050
2047
2047
2046
2046
2044
2043
2042
2040
2040
2039
2038
2037
2036
2035
2035
2034
2032
2030
2029
2028
2027
2025
2022
2021
2021
2019
2018
2017
2015
2013
2013
2013
2011
2010
2008
2004
2003
2002
2002
2001
2001
2000
2000
1987
1986
1986
1985
1985
1984
1982
1981
1980
1977
1977
1977
1975
1975
1974
1973
1972
1972
1971
1970
1967
1966
1965
1964
1963
1962
1961
1961
1960
1959
1958
1958
1957
1956
1956
1956
1954
1953
1953
1953
1952
1951
1951
1950
1949
1948
1947
1946
1946
1946
1946
1943
1943
1942
1940
1939
1938
1936
1936
1933
1933
1933
1933
1933
1931
1930
1928
1928
1928
1927
1926
1926
1926
1926
1923
1922
1920
1918
1918
1918
1917
1916
1916
1915
1910
1910
1910
1910
1910
1910
1909
1909
1908
1905
1904
1903
1902
1901
1900
1900
1899
1899
1898
1898
1898
1897
1897
1896
1896
1895
1895
1892
1890
1889
1889
1887
1887
1884
1883
1882
1882
1879
1878
1878
1878
1878
1878
1877
1876
1876
1875
1872
1872
1872
1871
1870
1869
1868
1868
1868
1868
1866
1864
1863
1862
1860
1860
1859
1859
1859
1859
1858
1855
1855
1854
1854
1854
1853
1853
1852
1851
1851
1844
1842
1842
1840
1840
1840
1838
1837
1836
1836
1835
1835
1835
1834
1834
1832
1832
1831
1831
1831
1830
1830
1829
1829
1828
1828
1827
1827
1827
1826
1826
1824
1823
1823
1822
1818
1818
1817
1817
1816
1815
1810
1808
1808
1808
1807
1807
1807
1803
1802
1802
1802
1801
1800
1799
1799
1798
1798
1797
1796
1796
1796
1794
1792
1792
1790
1788
1788
1787
1784
1782
1781
1779
1778
1773
1772
1771
1771
1771
1769
1769
1769
1768
1768
1767
1767
1766
1766
1766
1764
1764
1764
1762
1760
1760
1758
1756
1755
1754
1754
1753
1753
1752
1752
1751
1751
1751
1749
1747
1747
1746
1745
1745
1745
1745
1745
1744
1743
1743
1742
1741
1741
1740
1739
1739
1738
1737
1737
1735
1735
1734
1733
1733
1732
1729
1728
1727
1727
1727
1725
1725
1724
1724
1723
1721
1721
1720
1719
1718
1717
1716
1716
1715
1714
1713
1713
1713
1713
1711
1710
1710
1710
1708
1707
1707
1706
1705
1704
1704
1704
1703
1702
1702
1702
1698
1697
1697
1692
1692
1689
1688
1686
1685
1684
1684
1684
1681
1680
1676
1676
1675
1673
1672
1671
1670
1669
1669
1667
1667
1667
1667
1666
1666
1665
1665
1664
1664
1664
1664
1663
1662
1661
1660
1657
1657
1657
1655
1654
1654
1654
1652
1652
1648
1646
1645
1645
1645
1642
1642
1642
1640
1639
1636
1635
1634
1633
1630
1629
1629
1628
1628
1628
1627
1627
1627
1626
1625
1623
1623
1621
1621
1620
1620
1619
1618
1617
1617
1616
1615
1614
1614
1613
1611
1609
1609
1608
1608
1608
1607
1607
1607
1606
1606
1603
1602
1602
1601
1600
1600
1600
1599
1597
1597
1595
1594
1593
1593
1592
1591
1591
1591
1589
1588
1586
1586
1583
1581
1581
1580
1580
1579
1579
1578
1577
1575
1574
1574
1574
1573
1571
1571
1570
1569
1568
1568
1567
1566
1565
1563
1563
1562
1559
1559
1557
1557
1556
1556
1556
1555
1555
1553
1546
1546
1543
1541
1538
1536
1533
1529
1528
1527
1527
1527
1527
1526
1526
1525
1525
1522
1518
1518
1517
1517
1516
1516
1515
1515
1514
1513
1513
1513
1510
1510
1507
1506
1505
1504
1503
1502
1502
1500
1500
1500
1498
1495
1494
1494
1493
1493
1491
1490
1489
1488
1488
1488
1487
1487
1485
1485
1485
1484
1482
1482
1482
1481
1479
1477
1477
1477
1477
1475
1474
1474
1474
1473
1473
1471
1471
1471
1469
1469
1469
1464
1464
1463
1463
1463
1460
1460
1460
1459
1457
1455
1455
1453
1453
1448
1447
1446
1445
1445
1444
1442
1441
1441
1438
1438
1438
1435
1434
1433
1433
1431
1431
1429
1427
1427
1427
1426
1425
1423
1423
1423
1421
1420
1420
1420
1419
1417
1415
1415
1415
1415
1414
1413
1412
1411
1411
1409
1408
1407
1405
1404
1403
1402
1402
1402
1401
1399
1399
1398
1398
1398
1397
1393
1393
1391
1387
1386
1385
1385
1384
1381
1381
1378
1377
1377
1376
1373
1366
1364
1362
1360
1353
1353
1352
1351
1346
1345
1345
1342
1342
1342
1341
1341
1340
1339
1338
1338
1338
1337
1337
1337
1335
1335
1333
1333
1333
1332
1331
1330
1328
1327
1326
1326
1325
1325
1323
1321
1321
1321
1321
1319
1317
1315
1314
1314
1313
1313
1312
1312
1312
1311
1309
1308
1308
1307
1307
1306
1306
1305
1304
1303
1302
1300
1300
1299
1298
1297
1297
1296
1296
1295
1294
1294
1292
1291
1291
1290
1290
1290
1287
1285
1283
1283
1281
1281
1279
1277
1275
1274
1273
1272
1272
1271
1269
1269
1269
1268
1267
1267
1267
1267
1265
1264
1264
1264
1263
1262
1261
1258
1258
1257
1256
1256
1254
1253
1249
1247
1246
1243
1242
1242
1241
1241
1240
1240
1236
1236
1233
1232
1232
1231
1231
1229
1228
1228
1225
1224
1224
1222
1222
1221
1220
1219
1219
1218
1218
1216
1216
1215
1215
1214
1214
1212
1211
1209
1207
1206
1204
1203
1200
1199
1198
1196
1196
1195
1195
1194
1193
1192
1192
1192
1191
1191
1191
1190
1189
1188
1187
1185
1184
1184
1183
1180
1174
1174
1171
1169
1168
1168
1168
1168
1167
1167
1166
1166
1164
1162
1160
1160
1160
1159
1158
1158
1158
1157
1156
1156
1153
1150
1149
1149
1147
1146
1146
1145
1145
1145
1144
1142
1142
1142
1140
1138
1135
1135
1134
1131
1131
1130
1124
1124
1124
1123
1121
1121
1121
1120
1120
1120
1120
1119
1117
1117
1117
1117
1115
1115
1115
1114
1114
1114
1114
1114
1111
1110
1110
1110
1110
1110
1108
1107
1106
1105
1105
1104
1101
1098
1098
1098
1098
1097
1094
1093
1093
1091
1091
1090
1089
1088
1087
1086
1086
1082
1081
1076
1074
1072
1071
1069
1065
1061
1061
1061
1061
1061
1061
1060
1059
1059
1059
1059
1058
1058
1058
1056
1056
1053
1053
1050
1050
1050
1049
1048
1047
1046
1046
1045
1044
1043
1042
1042
1041
1040
1040
1039
1038
1038
1038
1038
1037
1036
1035
1035
1032
1030
1029
1029
1029
1027
1025
1024
1023
1022
1021
1015
1013
1011
1010
1010
1009
1009
1009
1008
1008
1006
1004
1003
1002
1002
1001
1001
1000
999
997
997
997
996
995
994
993
993
989
987
986
983
983
979
978
977
976
976
976
974
974
973
971
971
969
969
969
968
967
967
967
964
956
956
954
954
953
952
950
949
947
946
946
946
943
941
941
939
938
938
937
937
937
937
936
936
936
936
935
934
934
933
933
932
932
932
930
930
928
928
927
925
922
918
916
915
915
914
913
913
912
912
911
909
908
906
906
905
905
905
904
903
901
901
901
900
900
898
895
895
895
894
894
894
893
893
892
891
891
890
890
889
889
888
886
884
883
880
880
878
874
870
869
869
868
866
865
864
864
864
862
861
861
861
861
861
859
859
858
857
857
856
855
855
853
850
849
842
841
840
840
839
839
838
836
835
834
832
832
830
830
829
829
829
829
827
827
825
825
825
823
823
823
823
819
819
816
815
815
815
814
812
811
811
811
811
811
810
809
809
808
808
807
803
803
802
802
800
799
799
799
799
798
797
797
797
795
793
792
791
791
791
790
790
789
788
787
787
786
786
785
783
782
781
780
779
779
778
775
775
773
773
772
766
764
764
764
764
762
762
760
759
759
757
754
752
752
752
752
750
749
749
748
747
746
746
745
745
744
744
744
743
743
742
742
740
739
739
739
737
736
734
733
732
731
731
729
729
729
728
728
728
727
725
725
725
724
723
723
723
721
720
720
719
718
717
717
715
715
715
713
713
712
711
710
710
710
710
709
707
706
705
704
703
702
701
700
699
698
697
691
690
687
687
687
686
684
684
683
683
683
683
682
682
680
679
679
678
677
677
676
675
673
673
673
671
671
670
670
670
669
669
669
669
669
668
668
664
662
660
659
658
654
653
652
652
649
648
647
646
646
646
642
642
641
641
637
636
636
635
634
633
629
627
627
626
625
624
623
623
621
619
619
617
617
617
616
616
615
615
615
615
615
615
612
612
612
612
610
610
610
604
599
598
593
590
589
588
586
585
583
582
580
580
579
577
576
575
574
571
569
568
568
567
567
567
565
564
562
562
562
560
560
559
559
559
557
556
556
555
555
554
553
552
550
550
549
548
548
547
545
544
544
543
542
540
537
536
536
535
535
535
535
534
534
534
533
532
530
530
529
526
525
524
524
524
522
520
520
519
519
518
518
516
516
516
516
515
515
514
510
510
510
510
508
506
505
503
501
499
497
497
496
495
495
494
494
494
493
493
492
491
490
490
489
489
488
488
483
482
482
481
480
480
479
477
476
475
474
472
472
472
471
469
469
469
469
466
465
465
458
457
455
454
452
450
449
448
447
447
444
441
441
440
440
439
439
437
436
436
436
436
435
435
435
433
433
433
433
432
432
432
431
430
430
429
429
427
427
427
426
425
423
423
420
418
417
417
416
416
415
415
415
413
412
408
403
403
398
398
398
397
397
396
395
395
394
393
392
391
391
387
386
386
386
385
384
384
383
381
378
375
374
372
369
369
369
367
366
366
364
363
362
360
358
356
355
352
351
351
350
349
347
347
347
346
342
342
341
339
339
339
338
337
337
336
335
333
333
332
331
330
326
324
323
322
322
320
320
320
320
319
317
317
315
314
314
313
309
309
307
306
306
306
303
303
303
299
298
298
296
296
296
296
295
294
294
294
294
292
290
290
289
288
287
287
287
283
281
279
277
277
276
276
275
274
274
274
272
271
269
269
269
268
267
265
265
261
260
257
255
255
254
254
254
252
252
251
250
248
244
244
243
243
243
240
239
239
236
233
231
229
229
227
226
225
224
222
221
220
219
217
216
216
214
214
211
210
210
208
207
205
204
201
201
201
198
198
197
197
196
196
195
195
193
193
191
191
190
190
190
187
187
187
186
185
185
185
184
183
183
182
182
182
181
179
177
176
172
169
168
167
164
164
164
163
161
160
160
158
153
153
153
152
151
150
150
148
147
147
146
146
145
144
144
143
142
142
141
140
139
138
134
134
131
129
127
127
125
124
120
119
119
118
118
118
116
113
111
111
109
109
107
106
106
104
103
103
102
101
100
98
97
97
97
96
96
95
95
93
92
92
91
90
88
88
87
87
86
84
82
82
81
81
79
78
76
75
75
74
73
71
70
70
70
68
68
67
67
64
63
63
62
60
59
59
53
51
51
50
49
47
47
46
45
45
44
43
42
41
39
36
36
35
35
33
32
32
30
30
26
22
21
20
19
17
17
17
16
15
14
13
13
13
13
11
11
9
6
6
6
5
5
5
4
2
1
1
02:00:03 02:00:03
